   1.6262182e+00  -1.4062053e+00
   2.9295712e+00  -9.5793237e-01
   2.8955747e+00   1.4038737e+00
   4.9380913e+00   2.6482155e+00
   3.4517411e+00  -6.6244464e-01
  -3.1343186e+00   6.1948437e-01
  -2.4080247e+00  -1.7764379e+00
   3.0866924e+00   1.1278672e+00
   5.2954045e+00   1.4433148e+00
   4.5533501e-01  -3.1120588e+00
  -5.6127443e+00   1.2580561e+00
  -2.7248884e+00   5.5651555e-01
  -2.2562684e+00  -1.2474421e-02
   1.6914551e+00   1.3109064e+00
  -3.0375219e+00  -1.8734765e+00
  -2.9857750e+00   1.0602943e+00
  -7.8886651e+00  -4.0144664e+00
   5.1685242e+00   1.7416221e-01
   3.0167830e-01   2.4608651e+00
  -3.2679749e+00   1.3743196e+00
   5.9828862e-01   5.1461352e+00
  -8.1493409e-01   3.2900134e+00
   4.2103981e+00  -7.2940657e-01
   4.3894845e-01   1.2259841e+00
   9.7534652e-01   1.9074956e+00
   1.4054625e+00  -3.5476968e+00
   1.5048705e+00   9.9495375e+00
  -2.4739472e+00  -4.2415105e+00
   3.4405564e+00  -4.2808264e-01
  -1.7173586e+00   4.4434983e+00
   1.7634874e+00   2.1527482e+00
   1.7483968e+00  -1.1892993e+00
  -1.4944463e+00  -1.3085247e-01
  -4.0186865e+00  -3.6920492e+00
   1.9198321e-01  -1.7290202e+00
  -2.4736570e+00  -6.2681198e+00
   8.8155264e-01  -1.2805062e+00
  -1.2243339e+00  -2.8645185e+00
   3.9243948e+00   3.2695561e+00
  -2.5060220e+00   8.0708108e-01
  -1.1650493e+00  -1.6498112e+00
  -3.3127554e+00  -3.4747552e+00
  -2.6151923e-01   3.3545669e+00
  -1.2235479e+00  -6.4428771e-01
  -1.5430464e+00  -3.8953767e-01
   1.2442666e+00  -5.4403395e+00
  -3.1685491e+00  -3.6016389e+00
   2.4815832e+00   3.1332475e+00
   6.1456601e-01  -1.7044397e+00
   8.0459166e-01   9.6090792e-01
   3.1761754e+00   1.1668917e+00
   4.1539173e+00  -1.1235308e+00
  -2.2823457e+00  -1.8383739e+00
  -4.0136668e+00   2.5372110e+00
   3.6116453e+00   1.1272236e+00
   2.8429792e+00  -2.0156619e+00
   1.1381123e+00  -7.2028660e-01
  -3.2328771e+00   3.3629009e+00
  -7.3083175e-01  -4.2434282e-01
   2.1436888e+00  -3.9310868e-01
   1.4218763e+00   1.3295765e+00
   1.2788364e+00  -2.0656205e+00
   4.9157163e-01  -1.3001608e+00
   2.3209682e+00  -6.2358117e-01
   5.8430214e+00   5.5434886e-01
  -1.9265795e+00   2.0348262e+00
   4.9352440e+00   1.5625344e+00
  -2.6160030e+00  -1.9306019e+00
   8.9437971e-01  -2.6052655e+00
  -1.4412642e+00   3.3710078e-01
   1.1941338e+00   1.2177207e+00
  -6.3042121e-01  -8.3132932e-01
   2.2633171e+00   5.7003063e+00
  -1.1481178e+00  -3.0973059e+00
   1.1201188e+00  -2.2790627e+00
   8.8271049e-01  -5.0640443e+00
   3.5062798e+00   1.1781790e+00
  -3.7352285e+00  -3.7143750e+00
   6.4072529e-01  -1.1594244e+00
  -2.6155539e-01  -9.6281968e-01
   8.6747888e-01   1.7560093e+00
  -3.8180927e+00   1.0181503e+00
  -4.9426640e+00   2.3774759e+00
  -1.6647417e+00  -2.5796746e-02
   4.1218857e+00   3.6018142e+00
  -3.1743979e+00   2.1981308e+00
   8.3049393e-01   3.7765859e+00
   1.5992345e+00  -2.2868626e-01
  -2.9128260e+00  -4.3723144e+00
  -4.2885960e-02   2.0076516e+00
   1.1017316e+00  -3.2274143e+00
  -2.9929345e+00  -5.4776092e-01
  -8.5330171e-01  -5.5680621e-01
  -1.1585109e+00   1.5570390e+00
   1.7185412e+00   7.4528818e-01
  -1.8641294e+00   4.4293976e+00
   9.7728069e-01   1.5922920e+00
  -2.2822299e+00   2.5240955e+00
   3.9400040e+00   4.0935918e+00
   3.0990049e+00  -1.4837341e-01
   9.7347975e-01   2.0371326e+00
  -6.0694998e-01  -1.0970989e+00
   6.7655554e-01  -3.2082201e+00
  -2.7967648e+00   4.4845050e+00
   3.0096949e+00   5.3041401e+00
   5.0415735e+00  -4.5883508e+00
   5.2825297e+00   2.1477800e+00
   4.6959674e+00  -4.7840803e+00
   5.6724363e+00   1.4369980e+00
   7.5606234e-01   2.2688441e+00
   2.6301720e+00  -1.7299269e-01
   2.3542681e-01  -1.8965048e+00
  -4.3244578e+00  -2.4502678e+00
   1.9204029e+00  -1.8547933e-01
  -1.6821180e+00   2.0939167e+00
  -1.8689008e+00   8.4170044e-01
   5.1683380e+00  -2.9435919e-01
   3.9147793e+00   2.0334216e-01
  -5.8191488e+00  -5.8167060e+00
  -4.7112156e+00  -1.8658873e+00
  -3.4107860e+00   4.3851204e+00
  -4.6756706e-01  -4.3567860e+00
  -1.3042483e+00  -2.1466813e+00
   5.6381692e+00   1.1086723e-02
  -1.4250925e-01   4.5497078e+00
   7.1021747e-01  -4.3258809e+00
  -2.2568658e+00   4.2729180e+00
  -1.5438066e+00   4.9107664e-01
   2.4259434e-01  -1.9696398e+00
   2.7787128e+00  -2.6492871e+00
   2.6722471e+00   8.1958986e+00
   4.8161580e+00   5.8630503e-02
  -8.3464877e-01   9.2554164e-01
  -7.5068144e-01  -2.4047768e+00
   2.6515349e+00  -3.1641823e-01
  -5.2532572e+00   3.3705488e+00
   4.5664040e+00   3.9739312e+00
   4.8115097e+00   1.5844868e+00
  -6.9583124e+00  -2.8871263e+00
  -4.7401540e-01  -2.3342498e+00
  -2.3482914e+00   1.1612884e+00
   1.3830619e+00  -4.5737168e+00
  -5.1717361e+00  -1.6055474e+00
  -1.4009950e+00   4.3251051e+00
  -5.4170526e+00   6.5721232e+00
  -8.0617834e-01  -1.7397990e+00
  -4.6436578e-01   3.6103142e-01
   1.4334063e-01  -2.2404018e+00
  -2.9905201e+00  -5.6646828e-01
   5.3159689e-01   3.4473900e-01
  -5.3837535e-01   1.7755825e-01
  -3.6965054e-01   2.2853212e+00
  -3.7919223e-01   1.4008496e+00
   6.3742409e-01  -1.0267879e-01
  -1.9918439e+00  -2.4908553e+00
  -3.5099342e+00   2.2176635e+00
  -4.4906566e+00  -7.1015596e+00
  -4.6308976e+00   2.4009512e+00
   3.2809404e+00  -1.5684146e+00
  -2.8086379e-01   3.7389137e+00
   8.5139925e-01   5.8017973e-01
   6.3956608e-01  -8.5916827e-01
   8.6096719e-01   1.6389216e+00
   4.6067341e+00  -1.2500665e+00
  -6.5580521e+00   5.0663524e-01
  -9.2395882e-01  -1.4178230e+00
   3.5643677e+00  -2.2575774e+00
   2.2674696e+00   1.3714143e+00
  -1.1020054e-02  -2.4081284e-02
  -4.0284245e+00   2.3172667e+00
   6.7241563e-02  -2.8185764e+00
  -2.1865087e+00   2.2356771e-01
   3.6262334e+00  -2.0357206e-01
   2.3476818e+00   3.0002822e+00
   1.0164899e+00  -3.8277843e-01
   2.5355098e+00   4.4279954e+00
  -4.1520224e+00   9.6606879e-01
  -1.5614669e+00   1.3415073e+00
   1.4309077e+00  -3.0324237e+00
   2.8723737e+00  -1.2523368e+00
  -2.2126823e+00  -4.6305964e-01
   1.8215024e+00   3.8842681e+00
   1.8390118e+00  -7.7589263e-01
   3.3082962e+00   7.1238421e-01
   1.0005815e+00   1.5882416e+00
  -1.2244161e+00   3.2304690e+00
   2.4023539e+00  -9.5094504e-01
   1.3210827e+00   1.6847358e+00
  -4.2422080e+00  -5.2464267e+00
   3.3778945e+00   7.3897259e-01
  -1.5278112e+00   3.1075250e+00
   8.1148252e-01  -9.7971201e-01
   9.6852381e-01   2.2708581e+00
  -4.3626550e-01   4.8773343e+00
   3.2635463e+00  -4.2113778e+00
   4.7996622e-01  -4.8902345e-01
  -1.0412977e+00   1.9110568e+00
   6.6906282e-01  -1.2050229e+00
  -1.9067089e+00  -1.1179273e+00
   3.0149404e+00   1.2207397e+00
   3.3745515e+00   1.6134283e+00
  -4.7516313e-01   1.6067101e+00
   1.4109870e+00  -7.8132376e-01
  -3.1537121e+00   3.0376022e+00
   7.9997782e-01  -5.1211295e+00
  -3.1967486e+00   1.7750643e+00
   2.7177319e+00  -2.1047755e+00
   1.9560918e+00  -1.5661378e+00
  -2.6343276e+00  -2.3402524e-01
  -1.9899232e+00  -1.2023287e+00
   5.1308345e+00   1.9728763e+00
  -4.3841273e+00  -2.2284602e+00
  -4.9013046e-01  -1.8942716e+00
   2.2129924e+00  -2.1113428e+00
  -4.9461868e-01   2.7395447e-02
  -3.8388238e+00   2.8333020e+00
  -2.2613894e+00   4.5095926e+00
  -2.3270776e+00   6.5032953e-01
   2.3554562e+00   2.0223147e+00
   2.9832182e-01   3.6230674e+00
  -2.3070358e-01  -2.3783755e+00
  -4.0137235e+00  -1.1132350e+00
   1.3688689e+00   9.6281210e-01
  -1.4469409e+00   5.8510674e-01
   1.2622815e+00  -2.6093146e+00
   3.4289112e+00  -2.4574601e+00
  -9.8526880e-01  -4.0031306e+00
   1.3314883e+00   9.2370477e-01
  -1.0453769e+00  -4.1390027e-01
  -8.8549927e-01   3.7880677e+00
   2.8226865e+00  -5.5459356e+00
  -1.2184069e+00  -1.0680757e+00
  -3.4944282e+00  -8.1009762e+00
  -4.5407125e-03  -1.0779225e+00
   1.3935773e+00  -2.4710510e+00
   2.4384740e+00   4.4334808e-01
  -2.4378782e+00   1.9421228e+00
  -4.4641316e+00   2.0332847e-01
   2.6075021e+00   2.2470499e+00
  -5.8862203e-01   3.1771372e+00
   1.2201440e+00   4.5785195e+00
  -1.1630433e+00  -1.4566534e+00
  -5.1553908e-01   1.1376078e+00
  -9.8257188e-01   1.9595730e-02
  -1.7999563e+00  -8.7523643e-01
  -2.7435395e+00  -5.7326595e+00
  -5.9907861e-01  -1.2066429e+00
  -8.7509756e-01  -2.2457778e+00
   5.4647225e+00   2.6051030e-01
  -3.4329552e+00  -2.1049641e+00
   1.8993368e+00  -2.9285007e+00
  -4.1800968e+00  -9.6059384e-01
  -3.8752740e+00  -5.1722871e+00
   3.7441069e+00  -4.0696163e+00
   7.3148987e-02   3.5444487e+00
   4.9881873e-01  -5.6718743e+00
  -1.6265228e+00   1.0342905e+00
   3.2396134e+00  -1.3206511e+00
  -9.0043423e-01  -1.5849689e+00
  -1.3659366e+00  -6.5928775e-02
  -7.3490308e-01  -7.5722348e-01
   1.0827476e-01   1.3586430e-01
  -2.8412008e+00  -5.4048339e+00
   1.1288208e+00   2.4320940e+00
   1.3366080e+00  -1.2679459e-01
  -6.8989091e-01  -1.6970700e+00
   9.9540579e-01  -6.3888808e-01
  -2.0288402e+00  -2.8832917e+00
   4.4726465e+00   3.7987466e+00
  -1.6648508e+00  -2.3605370e+00
   6.0747977e+00   5.8118611e+00
  -1.3973142e+00   2.9311728e+00
   1.2060906e+00  -4.1914654e+00
  -1.8797776e+00   5.3382837e-02
   3.2397820e-01   1.1370953e-01
  -4.6887586e-01   1.1552346e+00
   6.9783841e-01   1.1469277e+00
   2.2178464e+00  -6.0165693e-01
  -1.6141026e+00   2.8771965e+00
  -2.4401285e-01   1.4830747e-01
  -1.5644946e+00  -1.3472350e+00
   3.1804675e+00   4.0508178e+00
  -1.3433918e+00   3.7335145e-01
  -1.4583885e+00   2.0739996e+00
   8.6857990e-01   1.2558365e+00
  -1.9412587e+00  -8.9100498e-02
  -3.1358727e+00   1.1731090e+00
  -5.5740819e-01  -9.4174792e-01
   6.7364373e-01  -2.1339777e+00
  -2.7490422e+00   9.5607550e-01
   4.1089642e-01   2.9580727e+00
   3.6224033e+00   1.9834199e+00
   9.2766432e-01   5.9528268e-02
   5.5406288e-01  -1.4226529e-01
   1.1588333e+00   1.9562345e+00
  -2.3803616e-01   3.8508828e-01
   4.6469228e-01  -4.7339578e+00
   1.1334926e+00  -7.2740430e-01
  -1.4299599e+00  -2.2409222e+00
   2.8334786e+00   3.0751665e-01
  -2.2328832e+00   2.2451869e+00
  -8.4751712e-01  -2.5548002e+00
   3.0794148e+00   4.8548849e-01
  -3.5651265e+00   2.8099335e+00
  -3.0551884e+00  -1.9803448e+00
  -1.2315008e+00   8.7662819e-01
   1.6494588e-01  -1.5309198e+00
  -5.1953774e+00  -1.6310987e+00
  -3.2242607e-01  -9.4236628e-01
   4.6962629e-01  -2.1262932e+00
  -2.3781966e+00   4.8946325e+00
  -2.3293018e+00   6.9523467e-01
   7.7091562e-01   6.4334807e-01
  -9.5403403e-01  -1.3881180e+00
   1.5580488e+00   1.0172272e+00
   2.3680360e+00   8.5659151e-01
  -1.3824098e+00  -6.5558027e-01
  -5.1031626e-01   2.5594711e+00
  -3.1606259e+00   7.2589501e-01
  -2.3608471e+00  -4.6181002e-01
  -7.7794663e-01  -7.6397600e+00
   7.2073447e+00  -1.6647188e+00
   1.3769862e+00  -3.5179275e+00
  -5.9345111e+00  -3.4149777e+00
   1.2262497e+00   2.3268096e-01
  -2.8976188e-01   1.3668962e+00
  -3.3310253e+00   2.3912349e+00
  -1.5254379e-01   1.0496024e+00
  -3.9297143e-01   2.0923790e+00
  -3.2511476e+00   8.8451708e-01
  -8.9972775e-02  -1.7779062e+00
   2.3828773e+00   2.8965208e-01
   6.2438788e+00   2.7384543e+00
  -3.4450574e+00   2.6586267e+00
   1.9065985e+00   2.7921347e-02
   1.4986568e+00  -1.9216566e+00
   1.3012034e+00   1.7442842e+00
   1.9823009e+00   3.5702015e+00
  -4.7219880e-01   2.8148257e+00
   2.3937065e+00  -4.6060507e+00
   7.5294450e-02   1.5368319e+00
  -2.4904714e+00   2.9396973e-01
  -3.5426107e+00   5.2085135e+00
   2.9162568e-01  -5.4063565e-01
  -3.0494476e+00   9.3225868e-01
  -1.4701834e+00  -5.8824589e+00
  -6.0201649e-01   4.6355173e+00
  -4.9310388e-02  -5.1628340e-01
   7.1662785e+00  -8.3940049e-02
  -1.9916559e+00   1.1715065e+00
  -2.8055341e+00  -2.0711364e+00
   3.9412352e+00   3.4335665e+00
   1.6262119e+00  -2.1386291e+00
  -1.7767527e+00   6.8915372e-01
   1.9347956e+00   3.6199434e-01
   9.1316567e-01  -1.5079811e+00
  -2.4008021e+00  -4.3091808e+00
  -2.1114126e+00  -5.4107123e-01
   2.3846322e+00   3.5796175e+00
   4.0963580e-01  -3.5753270e+00
  -2.2837509e+00  -7.7064399e-01
   5.3885398e-01  -1.1987906e+00
   6.3681067e-01  -1.7899096e-01
  -7.3701292e-01  -1.7133668e+00
  -4.5490405e+00   1.1804805e+00
  -6.8571883e-01  -1.7605900e+00
   9.1184381e-01  -9.1686531e-01
   3.1957857e-01   1.1633146e+00
   1.5892862e+00  -2.1824289e+00
  -1.9707006e+00   1.1106406e+00
   2.3251920e-01   1.4038336e+00
   1.9871439e+00  -4.8850841e+00
  -9.1874109e-01   2.6157252e-02
   1.8012951e+00   2.1884344e+00
   1.7769098e+00   1.7522427e+00
   2.8616040e+00  -4.7212866e+00
  -1.8154669e+00   1.5946179e+00
   3.0687409e+00   3.8507695e-03
   1.9165756e+00  -2.8898864e+00
  -2.3201755e-01  -1.9429180e+00
   6.8491666e-01   1.7966196e+00
   4.1860831e+00   5.2293421e-02
   4.5855123e-01   6.1229478e-01
  -8.1675797e-01  -3.7922491e+00
  -3.3784512e+00  -6.0618456e+00
   1.2131378e+00  -3.3906552e+00
  -1.0973822e+00  -2.6396704e+00
   1.5717993e-02   6.0805694e-01
  -1.1102548e+00  -1.4367935e+00
   6.6196800e-01   1.9864777e+00
  -4.6965912e+00   4.1097285e+00
  -4.9288567e+00   5.8952440e-01
  -1.5859244e+00  -2.4748431e+00
   2.6573416e+00   1.1382615e+00
  -1.8546713e+00   2.8257880e+00
  -2.1979636e+00  -1.3926044e+00
  -5.0337842e+00  -4.1316588e+00
   5.4961768e+00   1.1725341e+00
   1.9540378e+00  -1.6727850e+00
  -3.1293196e+00   5.4723622e-02
  -1.0511191e+00   4.2542391e-01
  -1.7301355e+00  -3.0540347e-01
  -3.1260651e+00   4.0371303e+00
  -8.4193837e-01  -2.5189453e+00
   2.8306278e+00   1.1169129e-01
   1.3390195e+00  -9.5127327e-02
  -8.9664318e-03  -3.4544367e+00
  -1.8118042e+00   4.2053929e-02
   1.8576692e-01  -1.6208497e+00
   1.1517306e+00   1.1765385e+00
  -3.9309305e+00  -5.1570020e-01
   1.3932749e-01  -2.0250518e+00
  -1.0087418e+00  -5.0259585e+00
   4.7627953e+00   2.5545853e+00
   3.8158235e-01   2.0923143e-01
   2.0029021e-01  -2.0919715e+00
   3.6304428e-01   1.2235090e+00
   2.0835405e+00  -2.1140158e+00
   8.9936161e-01   1.3216648e+00
  -3.7849799e+00  -5.3288239e-01
  -3.6872249e+00  -1.6839635e+00
   2.7412603e+00  -2.7873196e+00
  -5.1454746e-01   1.4052314e+00
  -1.8662962e-02  -4.8055044e+00
  -1.3879866e+00  -1.1468919e+00
  -1.9620366e+00   3.0879708e+00
   2.2870024e+00  -1.0297261e-01
  -8.6220802e-01  -1.5183974e+00
   1.6074377e+00   2.1203250e+00
  -6.2525884e-01   5.9780860e+00
  -2.7895199e+00   2.0539840e+00
  -6.8031911e-01  -3.7080122e+00
   2.0309022e+00  -3.8397962e+00
  -3.1749990e-01   2.0885503e+00
  -2.0926227e+00  -1.0703581e+00
   8.4448136e-01  -1.2894262e+00
   1.3231647e+00   2.9601974e-01
  -3.7582188e+00   8.3364142e-01
   3.3521110e+00   1.1025373e+00
   1.4099556e+00   9.4391207e-01
   4.6287470e+00   3.5787817e+00
  -3.3904816e+00   4.3275077e+00
   1.1696820e+00  -4.0509443e+00
  -1.8288143e+00  -3.4111107e+00
  -7.3307493e-01  -1.7637547e+00
  -1.4371452e+00   9.9544545e-01
   6.2499150e-01  -2.8185908e+00
   4.7578769e+00   4.0188186e+00
  -3.2911932e+00   2.9791624e+00
  -2.7997698e+00   3.3281601e-01
   1.9453422e+00   3.5633707e+00
   8.0123177e-01   2.1608063e-02
  -4.8064566e-01  -1.1041255e+00
  -1.1726190e+00   1.5853839e+00
   5.5475634e+00  -2.2899589e+00
   2.5199779e+00   4.8174941e+00
  -4.2751267e+00   4.1185898e+00
   5.1272015e-01   7.8481501e-01
   1.4358959e+00  -1.4724783e+00
   1.0662503e+00   2.0381953e+00
  -2.8068254e+00  -2.4831148e+00
  -1.0554900e+00  -2.6236788e+00
  -1.0111365e+00   2.1336048e+00
   2.7114796e+00   2.1275967e-01
  -1.3710356e-02   2.1289359e+00
   7.9040086e-01   5.2181108e+00
  -4.9533046e+00  -1.2405268e+00
   3.7240881e+00   5.0941602e-01
   2.5994794e+00  -1.9476828e+00
  -2.6331255e+00   3.9006428e+00
  -8.4042222e-02  -1.5761738e+00
  -4.8069746e+00  -1.5733202e+00
  -7.0404105e+00   3.5707449e+00
   1.4426192e+00   3.4806791e+00
   2.1192417e+00   5.8031512e-01
   1.1689318e+00   5.3822963e+00
   3.3575429e-01  -5.0964291e-01
  -3.3186541e+00  -4.2468619e+00
  -4.4348849e+00   4.3469357e+00
   1.6809377e+00  -3.5640182e+00
  -1.3835885e+00   1.9287418e+00
  -1.6856264e+00   2.6424042e+00
  -8.4319297e-01   5.9356008e-01
   7.0327004e-01  -7.0494103e+00
  -3.9793733e+00   7.7764729e-01
  -1.0405065e+00  -2.4601225e+00
  -1.2857871e+00  -4.7498876e+00
  -1.2200324e-01   1.6327518e+00
   9.8045537e-01   2.7350626e+00
   1.1837322e+00  -3.3334512e+00
   4.7499923e+00  -1.2478632e+00
  -1.5912464e+00  -1.0885211e+00
   1.7613217e-01  -9.8848528e-01
   1.5795084e+00  -1.8537781e+00
  -7.7633205e-01  -1.5287629e+00
   4.8781277e+00  -3.1097553e+00
   1.1095146e+00  -4.2560095e+00
   4.9535760e-01   3.3339687e+00
  -1.3105024e+00  -1.2511985e+00
  -2.6947925e+00   4.4930730e-01
   7.7052026e+00   6.2506196e+00
   8.7224501e+00   6.1487073e+00
   9.9808099e+00   7.5065228e+00
   1.1868290e+01   7.6561803e+00
   9.1927349e+00   6.1740474e+00
   5.9726509e+00   8.7142712e+00
   5.1072506e+00   7.1468962e+00
   9.9449739e+00   7.2964617e+00
   1.1428366e+01   6.8701323e+00
   6.0858899e+00   5.5981403e+00
   4.8454280e+00   9.7593550e+00
   6.1818846e+00   8.5659037e+00
   6.1523600e+00   8.1123702e+00
   9.2148809e+00   7.7840520e+00
   4.6806122e+00   7.2643297e+00
   6.2995620e+00   8.9251682e+00
   6.3858172e-01   7.3738787e+00
   1.0665906e+01   6.1803422e+00
   9.0114749e+00   8.8222090e+00
   6.3018498e+00   9.1819443e+00
   1.0641420e+01   1.0273934e+01
   8.7967382e+00   9.6021968e+00
   9.6073504e+00   5.9275145e+00
   8.4245509e+00   8.0794599e+00
   9.1122654e+00   8.3212950e+00
   6.4147124e+00   5.0885395e+00
   1.3780518e+01   1.2767538e+01
   3.7336061e+00   5.7575546e+00
   9.3129597e+00   6.3109281e+00
   8.8848717e+00   1.0508557e+01
   9.7134204e+00   8.2449269e+00
   7.8952347e+00   6.3409168e+00
   6.5410224e+00   7.8356121e+00
   3.1130276e+00   6.4954029e+00
   6.6780894e+00   6.4600981e+00
   2.6366737e+00   4.6003754e+00
   7.3306995e+00   6.5268470e+00
   5.2216786e+00   6.2006527e+00
   1.1602219e+01   8.2892624e+00
   6.4475993e+00   8.6488718e+00
   5.9144928e+00   6.8779165e+00
   3.6501904e+00   6.4256436e+00
   9.1605754e+00   9.4871055e+00
   6.4240676e+00   7.4680853e+00
   6.3721004e+00   7.7012588e+00
   5.2943325e+00   4.0521874e+00
   3.6672029e+00   6.3136049e+00
   1.0670974e+01   8.6075823e+00
   6.9425345e+00   6.3581060e+00
   8.4983516e+00   7.8277209e+00
   1.0019279e+01   7.2941739e+00
   9.3604250e+00   5.7179956e+00
   5.1484117e+00   7.0770266e+00
   6.4882207e+00   1.0050642e+01
   1.0256602e+01   7.1519605e+00
   8.0983871e+00   5.5685681e+00
   7.7864463e+00   6.7762640e+00
   7.3992267e+00   1.0307695e+01
   6.8359530e+00   7.4583809e+00
   8.5611722e+00   6.6869712e+00
   9.0647789e+00   7.8687286e+00
   7.1417812e+00   5.9695031e+00
   7.0882961e+00   6.6227003e+00
   8.5417620e+00   6.5067074e+00
   1.1272570e+01   6.2122177e+00
   7.4565984e+00   9.1907624e+00
   1.1278864e+01   7.0370887e+00
   4.9001936e+00   7.1159793e+00
   6.6211641e+00   5.7669493e+00
   6.8259547e+00   8.0881897e+00
   8.8688797e+00   7.8673943e+00
   6.6753043e+00   7.1984413e+00
   1.1930937e+01   1.0133182e+01
   5.1409539e+00   6.0468157e+00
   6.9319094e+00   5.8912158e+00
   5.2831693e+00   4.3663051e+00
   1.0221568e+01   7.2099833e+00
   3.2693990e+00   6.4048282e+00
   7.2531248e+00   6.6621019e+00
   6.8233368e+00   7.0220888e+00
   8.9661532e+00   8.2644201e+00
   5.7821058e+00   9.1296314e+00
   5.8496507e+00   1.0214511e+01
   6.4966888e+00   7.9423512e+00
   1.1899454e+01   8.4247422e+00
   6.8034322e+00   9.6266091e+00
   1.0038012e+01   9.4282300e+00
   8.3266163e+00   6.9303369e+00
   3.4019724e+00   5.8033725e+00
   8.5613553e+00   8.6580505e+00
   6.4075919e+00   5.3547997e+00
   5.4247864e+00   8.0090093e+00
   6.6914608e+00   7.4163764e+00
   7.6544069e+00   8.7070834e+00
   8.9247806e+00   7.4536734e+00
   8.7900133e+00   1.0540805e+01
   8.9427794e+00   8.1407974e+00
   7.5101034e+00   9.5677616e+00
   1.2057587e+01   8.7554627e+00
   9.2613983e+00   6.5644072e+00
   9.1813350e+00   8.3958243e+00
   6.5453787e+00   7.0402549e+00
   6.1653030e+00   5.4824973e+00
   8.2655860e+00   1.0828337e+01
   1.2160040e+01   9.7020598e+00
   8.0122736e+00   3.4960254e+00
   1.1802077e+01   7.2758841e+00
   7.7009237e+00   3.4791643e+00
   1.1649014e+01   6.7630060e+00
   9.1775621e+00   8.5878160e+00
   8.9694461e+00   6.6790758e+00
   6.6132399e+00   6.3525441e+00
   3.6035479e+00   7.2883563e+00
   8.5408748e+00   6.8668244e+00
   7.6338691e+00   9.1573798e+00
   6.8449779e+00   8.4937066e+00
   1.0412161e+01   5.9128895e+00
   9.9366094e+00   6.5412372e+00
   8.9284060e-01   5.7766669e+00
   3.6900544e+00   7.7282006e+00
   7.8468750e+00   1.0940182e+01
   4.8635816e+00   5.1408557e+00
   5.5627871e+00   6.6324460e+00
   1.0856732e+01   5.9582856e+00
   9.8782919e+00   1.0136799e+01
   5.5802624e+00   4.8351226e+00
   8.4719022e+00   1.0559294e+01
   6.8483692e+00   8.2042573e+00
   6.5779079e+00   6.3088195e+00
   7.7171810e+00   5.2244430e+00
   1.3524950e+01   1.1445771e+01
   1.0393954e+01   6.2111265e+00
   7.5050151e+00   8.2576066e+00
   5.7520486e+00   6.3330954e+00
   8.9044985e+00   6.5913210e+00
   6.2026669e+00   1.0866787e+01
   1.2365074e+01   8.5151545e+00
   1.1217214e+01   7.0835956e+00
   1.8017704e+00   7.7620950e+00
   5.9546494e+00   6.2974002e+00
   6.7330878e+00   8.8078004e+00
   5.8459639e+00   4.5088803e+00
   3.5573048e+00   8.0032853e+00
   9.0087926e+00   1.0354098e+01
   7.8384966e+00   1.2739710e+01
   6.0790528e+00   6.7280043e+00
   7.4194745e+00   7.8336308e+00
   6.3723450e+00   6.1814786e+00
   5.4160940e+00   7.9976654e+00
   8.0025493e+00   7.5508720e+00
   7.2761679e+00   7.7491966e+00
   8.5174775e+00   8.9063051e+00
   8.0329982e+00   8.4039328e+00
   7.8232322e+00   7.2663608e+00
   4.9678345e+00   6.6247284e+00
   6.6145991e+00   9.7298879e+00
   9.8680019e-01   4.6783178e+00
   6.0476399e+00   1.0142314e+01
   8.6007822e+00   5.7036766e+00
   9.3571452e+00   9.7118609e+00
   8.3200618e+00   7.5974911e+00
   7.4149796e+00   6.8338524e+00
   8.8988979e+00   8.1993563e+00
   9.5610313e+00   5.5214219e+00
   3.8768555e+00   9.5898772e+00
   6.1833583e+00   6.9441759e+00
   8.3961430e+00   5.2323775e+00
   9.5899589e+00   7.6604457e+00
   7.4804144e+00   7.4892764e+00
   6.3603835e+00   9.9291160e+00
   6.0141250e+00   5.8722620e+00
   6.3215992e+00   8.2279857e+00
   9.5448453e+00   6.3881328e+00
   1.0519416e+01   8.5684299e+00
   7.8968768e+00   7.0023587e+00
   1.1403934e+01   9.3320166e+00
   5.5554591e+00   9.1915806e+00
   7.2982544e+00   8.6946625e+00
   6.7087774e+00   5.3757500e+00
   8.5290821e+00   5.9963205e+00
   5.9343387e+00   7.8431398e+00
   1.0685257e+01   9.2176152e+00
   8.1728843e+00   6.5520730e+00
   9.8517500e+00   6.9983956e+00
   8.9544342e+00   8.1320872e+00
   8.5211512e+00   9.6806292e+00
   8.4129106e+00   6.2974522e+00
   9.1971433e+00   8.0991825e+00
   2.1387279e+00   5.6692970e+00
   9.9075055e+00   6.9944671e+00
   8.2742895e+00   9.6937356e+00
   7.4518922e+00   6.7178253e+00
   9.3049170e+00   8.5306314e+00
   9.8810749e+00   1.0404514e+01
   7.1596769e+00   4.1994436e+00
   7.5205082e+00   7.0890084e+00
   7.9157135e+00   8.8770284e+00
   7.2452809e+00   6.6282867e+00
   5.7616643e+00   7.3852313e+00
   9.9526086e+00   7.3691881e+00
   1.0378905e+01   7.4946584e+00
   8.0874059e+00   8.5478198e+00
   7.9155716e+00   6.6664928e+00
   7.2701735e+00   1.0100229e+01
   5.2030987e+00   4.3564277e+00
   6.5611223e+00   9.3911946e+00
   7.9757118e+00   5.5520770e+00
   7.8146651e+00   6.0687338e+00
   5.8077452e+00   8.0896769e+00
   5.6665198e+00   7.3598897e+00
   1.1617241e+01   7.2176724e+00
   3.6881622e+00   7.4313813e+00
   6.1832545e+00   6.5530319e+00
   7.6721928e+00   5.6869112e+00
   7.2208816e+00   7.6514465e+00
   6.7524178e+00   1.0171690e+01
   8.5973376e+00   1.0695666e+01
   6.4690875e+00   8.5102421e+00
   9.9946137e+00   8.0079214e+00
   9.6386384e+00   9.4866940e+00
   6.0753607e+00   6.2054015e+00
   4.5120182e+00   7.9664230e+00
   8.8347290e+00   7.6738773e+00
   6.9568391e+00   8.2313481e+00
   6.8376140e+00   5.6636245e+00
   8.2074356e+00   5.1554455e+00
   4.7473659e+00   5.4849193e+00
   8.7913432e+00   7.6618122e+00
   6.6546738e+00   7.5507062e+00
   9.0244235e+00   9.9059374e+00
   6.1752137e+00   3.5585180e+00
   6.1977052e+00   7.2247105e+00
   1.0378187e+00   3.8341679e+00
   6.9137681e+00   6.8858032e+00
   6.9904913e+00   5.7065174e+00
   9.1891771e+00   7.0836113e+00
   7.1025516e+00   9.2782179e+00
   4.9570649e+00   8.8417857e+00
   1.0266063e+01   8.0670318e+00
   8.8701286e+00   9.4756124e+00
   1.0703706e+01   9.7791124e+00
   6.0202510e+00   6.9876498e+00
   7.8094621e+00   8.2910701e+00
   6.9266715e+00   7.7809682e+00
   5.9564874e+00   7.4944859e+00
   2.7661555e+00   4.9801986e+00
   6.4907550e+00   6.9755492e+00
   5.7641829e+00   6.4580367e+00
   1.0888679e+01   6.1483173e+00
   4.3202928e+00   7.2407332e+00
   7.0434208e+00   5.3064710e+00
   4.4957758e+00   8.0992543e+00
   2.3969300e+00   5.6108799e+00
   7.5220138e+00   4.1484377e+00
   9.4622593e+00   9.5036309e+00
   4.7259759e+00   4.1246658e+00
   7.0932803e+00   8.5371181e+00
   8.7103486e+00   5.8564850e+00
   6.1068544e+00   6.8422844e+00
   6.6525415e+00   7.8373962e+00
   6.6533285e+00   7.2694394e+00
   7.6378972e+00   7.5478437e+00
   2.8855844e+00   5.1941861e+00
   9.4874656e+00   8.5786776e+00
   8.2256980e+00   7.0606203e+00
   6.1712931e+00   6.7204720e+00
   7.7457017e+00   6.8619210e+00
   4.7334024e+00   6.4108234e+00
   1.2214519e+01   8.4408748e+00
   5.2327124e+00   6.6093532e+00
   1.4256467e+01   9.1503746e+00
   8.2563748e+00   9.5572168e+00
   5.9477227e+00   4.7757181e+00
   6.4117581e+00   8.0466004e+00
   7.7540950e+00   7.4759697e+00
   7.8467361e+00   8.2883221e+00
   8.5356106e+00   7.9632403e+00
   8.4923460e+00   6.5475387e+00
   8.0983187e+00   9.5859214e+00
   7.4352709e+00   7.6516741e+00
   5.8409045e+00   7.1603472e+00
   1.1583043e+01   8.9395829e+00
   6.9037440e+00   8.0820148e+00
   7.7560480e+00   9.0845797e+00
   8.6960390e+00   7.9785425e+00
   6.2980869e+00   7.9821296e+00
   6.2714320e+00   9.0307917e+00
   6.6589204e+00   7.1153506e+00
   6.7451137e+00   6.0966391e+00
   6.3838320e+00   8.8006656e+00
   9.3455460e+00   9.0761039e+00
   1.0726497e+01   7.6378549e+00
   8.0835310e+00   7.2792836e+00
   7.7522610e+00   7.2666468e+00
   9.2476953e+00   8.2987436e+00
   7.5670041e+00   7.7852239e+00
   5.2134358e+00   4.6695423e+00
   7.7798476e+00   6.7734685e+00
   5.4370601e+00   6.6131549e+00
   9.3503937e+00   6.8976034e+00
   7.3884427e+00   9.3949689e+00
   5.6132845e+00   6.2740267e+00
   9.5928971e+00   6.9316915e+00
   6.9024239e+00   1.0083200e+01
   4.6122600e+00   7.2081634e+00
   7.2426890e+00   8.3386410e+00
   6.7692629e+00   6.5806277e+00
   3.5294228e+00   7.9951879e+00
   6.7982341e+00   7.0504797e+00
   6.6280273e+00   6.1570426e+00
   8.7363612e+00   1.0947577e+01
   6.4920751e+00   8.5364915e+00
   8.3064271e+00   7.6556553e+00
   6.1815656e+00   6.9693937e+00
   8.9766151e+00   7.6530036e+00
   9.3710256e+00   7.3388938e+00
   6.3235437e+00   7.5052557e+00
   8.5822918e+00   9.1014538e+00
   6.0146220e+00   8.7822497e+00
   5.8469617e+00   7.8845342e+00
   2.9018869e+00   3.3516499e+00
   1.0882087e+01   4.5706379e+00
   6.4139048e+00   5.1133550e+00
   2.1244571e+00   7.1796163e+00
   8.3547148e+00   7.2961646e+00
   8.0677655e+00   8.3599926e+00
   6.8148864e+00   9.7798670e+00
   7.9775464e+00   8.1411573e+00
   8.3991688e+00   8.8025472e+00
   6.0466955e+00   8.8976697e+00
   6.4840602e+00   6.5096018e+00
   9.0729330e+00   7.0111230e+00
   1.2693162e+01   7.3491787e+00
   6.8918704e+00   9.9638445e+00
   8.6481954e+00   6.9924564e+00
   7.3503541e+00   5.9913448e+00
   9.2175657e+00   8.1386400e+00
   1.0610798e+01   8.9941482e+00
   8.7431809e+00   9.2367837e+00
   6.4290801e+00   4.2129314e+00
   8.3767110e+00   8.3567862e+00
   6.1790681e+00   8.3516395e+00
   8.2142762e+00   1.1446496e+01
   7.3806383e+00   7.1112520e+00
   6.1924096e+00   8.8695481e+00
   3.4418096e+00   4.5450510e+00
   9.6516624e+00   1.0311957e+01
   7.1912051e+00   7.2187651e+00
   1.1713436e+01   5.4844643e+00
   6.9505658e+00   8.7157148e+00
   4.7114780e+00   7.0877793e+00
   1.1701014e+01   8.3782809e+00
   7.3087012e+00   5.8324414e+00
   6.8171597e+00   8.3813089e+00
   8.8458032e+00   7.1754546e+00
   7.2263434e+00   6.3882897e+00
   3.7404425e+00   5.6988349e+00
   5.9522911e+00   7.7707937e+00
   1.0854999e+01   8.8890581e+00
   5.8079409e+00   5.3461832e+00
   5.7255923e+00   7.6870364e+00
   7.1712725e+00   6.6675959e+00
   7.7815561e+00   7.2229585e+00
   6.1344665e+00   6.7241054e+00
   5.4355853e+00   9.4230071e+00
   6.1393860e+00   6.6830595e+00
   7.5455583e+00   6.7261521e+00
   8.3196840e+00   8.0764533e+00
   7.2630455e+00   5.8175722e+00
   6.9300696e+00   8.6752096e+00
   8.3981501e+00   8.2376819e+00
   6.0364076e+00   4.1652442e+00
   6.9681578e+00   7.7671888e+00
   9.7552080e+00   8.2549214e+00
   9.5045836e+00   8.0125716e+00
   6.6447658e+00   4.0186688e+00
   7.2843252e+00   8.9089164e+00
   9.3258192e+00   6.6596295e+00
   7.0745695e+00   5.3237847e+00
   6.3103147e+00   6.4543882e+00
   8.8796419e+00   8.3377319e+00
   1.0016073e+01   6.3805049e+00
   8.1039801e+00   7.7236896e+00
   4.9616716e+00   5.5590557e+00
   2.2106264e+00   4.9665733e+00
   6.3854294e+00   5.2310085e+00
   5.4188467e+00   6.2941740e+00
   7.8385127e+00   7.8428566e+00
   6.0623740e+00   6.9844951e+00
   8.9687833e+00   8.4524329e+00
   6.9336452e+00   1.1135984e+01
   4.8899487e+00   9.1898829e+00
   5.2177382e+00   6.5224193e+00
   9.6954402e+00   7.4202811e+00
   7.9275202e+00   9.6226213e+00
   5.4398769e+00   7.3083718e+00
   2.2717784e+00   6.5231167e+00
   1.1401097e+01   6.6604041e+00
   7.7557109e+00   6.0084071e+00
   5.6698886e+00   8.3904465e+00
   7.1056294e+00   8.0314978e+00
   6.3064605e+00   7.8006636e+00
   7.8276985e+00   1.0663322e+01
   5.6360100e+00   6.2929665e+00
   9.2426894e+00   6.7865790e+00
   8.2442742e+00   7.0780387e+00
   5.6246120e+00   5.5301394e+00
   6.4460214e+00   8.0214690e+00
   6.7329532e+00   6.5235652e+00
   8.8213858e+00   7.8555237e+00
   4.8846970e+00   8.2848555e+00
   6.4865397e+00   6.3055353e+00
   4.1797082e+00   4.9073771e+00
   1.1713426e+01   7.6508519e+00
   7.8400396e+00   7.5146922e+00
   6.4865425e+00   6.2505890e+00
   8.3781016e+00   8.0988873e+00
   7.5938133e+00   5.7209280e+00
   8.7499685e+00   8.0076757e+00
   4.9621330e+00   8.2349723e+00
   4.3970904e+00   7.5509185e+00
   7.6201993e+00   5.1559160e+00
   7.9549295e+00   8.4435984e+00
   4.8874490e+00   4.7614051e+00
   6.0542579e+00   7.2262708e+00
   8.0056463e+00   9.8017942e+00
   8.8034078e+00   6.8132764e+00
   6.1656105e+00   6.8697980e+00
   9.6031286e+00   8.2692605e+00
   1.0364649e+01   1.1084883e+01
   6.9541291e+00   9.4386340e+00
   5.0883580e+00   5.5696896e+00
   6.6282795e+00   4.7500404e+00
   8.4419484e+00   8.7796393e+00
   5.6769284e+00   7.4634365e+00
   7.3038394e+00   6.5319326e+00
   8.4465992e+00   7.3057187e+00
   5.7178046e+00   9.0078461e+00
   1.0088998e+01   7.2091248e+00
   8.8489151e+00   7.6518052e+00
   1.2188210e+01   8.2724254e+00
   7.8277531e+00   1.0901713e+01
   6.0021564e+00   4.8659457e+00
   4.5665417e+00   6.0545432e+00
   6.1095293e+00   6.6942550e+00
   7.1847975e+00   8.4629429e+00
   6.3455847e+00   5.7191151e+00
   1.2503165e+01   8.4882113e+00
   7.1568329e+00   1.0104610e+01
   6.0162834e+00   8.4587415e+00
   1.0585136e+01   9.0003956e+00
   7.9878648e+00   7.2923469e+00
   6.6166368e+00   7.0015643e+00
   7.6613670e+00   8.7271406e+00
   9.5572148e+00   4.6693729e+00
   1.1605558e+01   9.5586668e+00
   7.1889161e+00   1.1025323e+01
   8.2295661e+00   7.8073178e+00
   7.5562183e+00   6.2650366e+00
   9.2370432e+00   8.3709595e+00
   4.4876861e+00   6.8529134e+00
   5.4524000e+00   6.2918024e+00
   8.0541145e+00   8.9958117e+00
   9.2265937e+00   6.8769983e+00
   8.6443514e+00   8.7192876e+00
   1.0794555e+01   1.0262282e+01
   3.8847212e+00   8.1517215e+00
   9.9889759e+00   6.7683482e+00
   7.9904771e+00   5.6742376e+00
   8.0467621e+00   1.0450050e+01
   6.5967925e+00   6.6231532e+00
   3.7915266e+00   7.9215348e+00
   5.2489485e+00   1.1471780e+01
   1.0241606e+01   9.0912127e+00
   9.0736064e+00   7.2494631e+00
   1.1108395e+01   1.0252093e+01
   7.4236416e+00   7.1168312e+00
   3.2287049e+00   5.9864262e+00
   7.2175878e+00   1.1199562e+01
   6.5695901e+00   5.0035848e+00
   7.7218659e+00   8.9811068e+00
   7.9287077e+00   9.4715038e+00
   7.3202192e+00   8.0704065e+00
   4.1017510e+00   3.2820217e+00
   5.5560614e+00   9.0365973e+00
   5.5498458e+00   6.3810714e+00
   4.1645127e+00   5.1410677e+00
   8.3113844e+00   8.4657230e+00
   9.5633050e+00   8.7923945e+00
   6.3989213e+00   5.2717431e+00
   9.6473615e+00   5.4833462e+00
   5.9650608e+00   7.3154059e+00
   7.0695578e+00   6.8872612e+00
   7.4351497e+00   6.0079012e+00
   6.2110347e+00   6.8403013e+00
   8.7155764e+00   4.3851111e+00
   5.8553873e+00   4.7653829e+00
   9.5992320e+00   9.2675329e+00
   6.0438399e+00   7.1454421e+00
   6.1417333e+00   8.4964294e+00
   1.0328993e+01  -5.7139185e+00
   1.1120177e+01  -5.4103672e+00
   1.0686772e+01  -4.0988202e+00
   1.1832426e+01  -3.3218989e+00
   1.1416999e+01  -5.2243267e+00
   6.8021451e+00  -4.7863192e+00
   7.7031422e+00  -6.0879633e+00
   1.0862219e+01  -4.2442869e+00
   1.2280241e+01  -3.9768221e+00
   9.8448491e+00  -6.7110545e+00
   5.0383535e+00  -4.5346769e+00
   7.0861246e+00  -4.8042514e+00
   7.4975755e+00  -5.1010205e+00
   9.8999721e+00  -4.2007136e+00
   7.3002373e+00  -6.1681585e+00
   6.8245417e+00  -4.5350719e+00
   4.4375827e+00  -7.5606593e+00
   1.2416345e+01  -4.6876546e+00
   8.7732128e+00  -3.6193870e+00
   6.5817453e+00  -4.3722680e+00
   8.5040204e+00  -2.1142350e+00
   7.8844045e+00  -3.2050130e+00
   1.1934555e+01  -5.2299161e+00
   9.0795059e+00  -4.3001524e+00
   9.3186837e+00  -3.8989219e+00
   1.0554203e+01  -6.9136124e+00
   8.2732301e+00   5.9385515e-01
   8.0878750e+00  -7.4610845e+00
   1.1368784e+01  -5.0945076e+00
   7.0820232e+00  -2.6014036e+00
   9.8016048e+00  -3.7297169e+00
   1.0372747e+01  -5.5882423e+00
   8.0261838e+00  -5.1350609e+00
   6.9622096e+00  -7.2200456e+00
   9.4287127e+00  -5.9531836e+00
   8.4405100e+00  -8.5876960e+00
   9.8105528e+00  -5.6750928e+00
   8.6817119e+00  -6.6434847e+00
   1.1048386e+01  -3.0187568e+00
   7.1885007e+00  -4.6558315e+00
   8.5099998e+00  -5.9657379e+00
   7.3951712e+00  -7.0698113e+00
   8.2422232e+00  -3.1460494e+00
   8.2961225e+00  -5.4091911e+00
   8.0387619e+00  -5.2808946e+00
   1.0775853e+01  -7.9724837e+00
   7.5134012e+00  -7.1343346e+00
   1.0109952e+01  -3.1546977e+00
   9.7062376e+00  -5.9218973e+00
   9.3694339e+00  -4.4322651e+00
   1.0915104e+01  -4.2188612e+00
   1.1965432e+01  -5.4513711e+00
   7.7977224e+00  -6.1171538e+00
   5.8822453e+00  -3.7568937e+00
   1.1212396e+01  -4.2227543e+00
   1.1246380e+01  -6.0019864e+00
   9.8842137e+00  -5.3529596e+00
   6.2593222e+00  -3.2653212e+00
   8.5864406e+00  -5.2663742e+00
   1.0497884e+01  -5.1291440e+00
   9.7169564e+00  -4.2015760e+00
   1.0212019e+01  -6.0949834e+00
   9.5539118e+00  -5.7022812e+00
   1.0656184e+01  -5.2498748e+00
   1.2800017e+01  -4.4481766e+00
   7.3613889e+00  -3.9491463e+00
   1.2019335e+01  -3.9255646e+00
   7.5912620e+00  -6.1823382e+00
   1.0049491e+01  -6.4110122e+00
   7.9802679e+00  -4.8727007e+00
   9.5845387e+00  -4.2732551e+00
   8.7241772e+00  -5.4884373e+00
   9.5179715e+00  -1.7367315e+00
   8.7730200e+00  -6.7697167e+00
   1.0143297e+01  -6.2202578e+00
   1.0469309e+01  -7.7783721e+00
   1.1133271e+01  -4.1988212e+00
   7.1551163e+00  -7.2206367e+00
   9.6289000e+00  -5.6178240e+00
   8.9930227e+00  -5.5461532e+00
   9.2730966e+00  -3.9876336e+00
   6.2768392e+00  -4.5932078e+00
   5.2905220e+00  -3.8844318e+00
   7.8943522e+00  -5.0837601e+00
   1.1122301e+01  -2.8258141e+00
   6.5008807e+00  -3.9103964e+00
   8.8970408e+00  -2.8659059e+00
   1.0106221e+01  -5.0604426e+00
   7.8179561e+00  -7.5521015e+00
   8.6222569e+00  -3.8857036e+00
   1.0295960e+01  -6.7482279e+00
   7.0994193e+00  -5.4293133e+00
   8.5278077e+00  -5.3451197e+00
   7.9566664e+00  -4.1827274e+00
   1.0016399e+01  -4.5140201e+00
   6.9866012e+00  -2.6153627e+00
   9.3747895e+00  -4.0740678e+00
   7.0391359e+00  -3.6919844e+00
   1.0915490e+01  -2.5600117e+00
   1.1092376e+01  -4.9532555e+00
   9.2948940e+00  -3.8269325e+00
   8.7860482e+00  -5.6352040e+00
   1.0009093e+01  -6.7552872e+00
   6.3550892e+00  -2.6236182e+00
   1.0084590e+01  -1.9258427e+00
   1.3159922e+01  -7.3405034e+00
   1.2149144e+01  -3.5857358e+00
   1.2963493e+01  -7.4637241e+00
   1.2532764e+01  -3.9646115e+00
   9.1096129e+00  -3.7071867e+00
   1.0784016e+01  -4.9864919e+00
   9.4868099e+00  -6.0444793e+00
   6.5423514e+00  -6.5424706e+00
   1.0312878e+01  -5.0230306e+00
   7.5141320e+00  -3.9061030e+00
   7.6073449e+00  -4.6100183e+00
   1.2497700e+01  -4.9481207e+00
   1.1575210e+01  -4.7237138e+00
   6.1310628e+00  -8.4762541e+00
   6.1828139e+00  -6.2337320e+00
   5.9629124e+00  -2.7044722e+00
   9.4458780e+00  -7.4415025e+00
   8.5035841e+00  -6.2477603e+00
   1.2757888e+01  -4.7587267e+00
   8.1137418e+00  -2.4766893e+00
   1.0225910e+01  -7.3752086e+00
   6.7519176e+00  -2.7187291e+00
   7.8851100e+00  -4.7913792e+00
   9.5043082e+00  -6.0848372e+00
   1.1313716e+01  -6.3569083e+00
   9.3566658e+00  -3.3234069e-01
   1.2201462e+01  -4.7665740e+00
   8.2824559e+00  -4.5202816e+00
   8.9176150e+00  -6.3681560e+00
   1.0823205e+01  -5.0653336e+00
   4.9107005e+00  -3.3453189e+00
   1.1354015e+01  -2.6004122e+00
   1.1933005e+01  -3.9185206e+00
   4.8619366e+00  -6.8951580e+00
   9.0898448e+00  -6.3174120e+00
   7.2320844e+00  -4.4523448e+00
   1.0717697e+01  -7.4849270e+00
   5.8304406e+00  -6.1082087e+00
   7.3135798e+00  -2.6540279e+00
   4.2446974e+00  -1.5723441e+00
   8.7649626e+00  -6.0007987e+00
   8.6275515e+00  -4.8186609e+00
   9.4852082e+00  -6.2394969e+00
   7.1042827e+00  -5.4396123e+00
   9.2945432e+00  -4.7861868e+00
   8.6101055e+00  -4.9237427e+00
   8.3560651e+00  -3.7449687e+00
   8.5035180e+00  -4.2370582e+00
   9.4429232e+00  -5.0305003e+00
   8.1049148e+00  -6.4677645e+00
   6.2737312e+00  -3.9135296e+00
   7.2404136e+00  -9.1351264e+00
   5.4943411e+00  -3.8583810e+00
   1.1460655e+01  -5.7350918e+00
   8.1624827e+00  -2.9331917e+00
   9.4668588e+00  -4.6419660e+00
   9.5759103e+00  -5.4509553e+00
   9.2891166e+00  -4.0529959e+00
   1.2289399e+01  -5.5028319e+00
   4.5386517e+00  -4.9918225e+00
   8.6304268e+00  -5.8267186e+00
   1.1769509e+01  -6.1063893e+00
   1.0273565e+01  -4.1430566e+00
   8.9968392e+00  -5.0138467e+00
   5.9106540e+00  -3.8797796e+00
   9.5350101e+00  -6.5640865e+00
   7.5030454e+00  -4.9668920e+00
   1.1453558e+01  -4.9619560e+00
   1.0043783e+01  -3.2341989e+00
   9.7444147e+00  -5.1704051e+00
   9.9207470e+00  -2.4326786e+00
   6.0632154e+00  -4.6360855e+00
   7.7254374e+00  -4.3193480e+00
   1.0481561e+01  -6.6261030e+00
   1.1133234e+01  -5.5764163e+00
   7.6050008e+00  -5.3496903e+00
   9.5391687e+00  -2.7647189e+00
   1.0361279e+01  -5.3546445e+00
   1.1082251e+01  -4.4660196e+00
   9.3910321e+00  -4.0753478e+00
   7.6216964e+00  -3.2551899e+00
   1.0767387e+01  -5.4284677e+00
   9.5879775e+00  -4.0083404e+00
   7.0834712e+00  -8.0934690e+00
   1.1124038e+01  -4.4483364e+00
   7.4407580e+00  -3.3361878e+00
   9.7115163e+00  -5.5107985e+00
   9.2509427e+00  -3.6972075e+00
   7.8608738e+00  -2.3068062e+00
   1.1908686e+01  -7.2050814e+00
   9.4051103e+00  -5.2518413e+00
   7.9732639e+00  -3.9810356e+00
   9.6557268e+00  -5.6419913e+00
   7.9229254e+00  -5.7009824e+00
   1.0798220e+01  -4.1956497e+00
   1.0969735e+01  -3.9623523e+00
   8.4037191e+00  -4.1266190e+00
   1.0076795e+01  -5.3755123e+00
   6.3686851e+00  -3.4428586e+00
   1.0424066e+01  -7.8135566e+00
   6.5595503e+00  -4.1465176e+00
   1.1178356e+01  -6.0567488e+00
   1.0576783e+01  -5.7890719e+00
   7.2839957e+00  -5.2399490e+00
   7.8821119e+00  -5.7513724e+00
   1.2078403e+01  -3.6892931e+00
   6.4639869e+00  -6.4216525e+00
   9.0025832e+00  -6.0734933e+00
   1.0842912e+01  -6.0814472e+00
   8.6653990e+00  -5.0053959e+00
   5.9473472e+00  -3.5850012e+00
   6.7077417e+00  -2.5873467e+00
   7.3350901e+00  -4.7355102e+00
   1.0219043e+01  -3.7775420e+00
   8.5688595e+00  -2.9734406e+00
   9.2597712e+00  -6.3317962e+00
   6.5170455e+00  -5.7862357e+00
   9.7453913e+00  -4.4076764e+00
   7.9333525e+00  -4.7350671e+00
   1.0295531e+01  -6.3979218e+00
   1.1713941e+01  -6.2231557e+00
   9.0391452e+00  -7.2664879e+00
   9.7272651e+00  -4.4309755e+00
   8.3748699e+00  -5.2736855e+00
   7.7507330e+00  -2.9310793e+00
   1.1846787e+01  -7.9653665e+00
   8.3732504e+00  -5.6445671e+00
   8.0785546e+00  -9.6491752e+00
   9.1844302e+00  -5.5994232e+00
   1.0359041e+01  -6.3155839e+00
   1.0548997e+01  -4.6518523e+00
   7.0365508e+00  -4.0220026e+00
   5.9877310e+00  -5.0731195e+00
   1.0348037e+01  -3.6420979e+00
   8.0549508e+00  -3.2583254e+00
   9.0174174e+00  -2.4038502e+00
   8.4777461e+00  -5.8582748e+00
   8.4583746e+00  -4.3890840e+00
   8.3413635e+00  -5.0300794e+00
   7.9519078e+00  -5.5616152e+00
   8.1674184e+00  -8.3012793e+00
   8.8103477e+00  -5.6957729e+00
   8.8069971e+00  -6.2849541e+00
   1.2598849e+01  -4.6273009e+00
   7.0767997e+00  -6.3133355e+00
   1.0775860e+01  -6.5487972e+00
   6.3795539e+00  -5.7083179e+00
   7.3152679e+00  -8.0369526e+00
   1.2204494e+01  -7.1062348e+00
   8.4323752e+00  -3.0265356e+00
   1.0319016e+01  -8.1322825e+00
   7.7354820e+00  -4.4928474e+00
   1.1390008e+01  -5.5990795e+00
   8.6751820e+00  -5.9186567e+00
   8.1005899e+00  -5.0936100e+00
   8.6416159e+00  -5.4515975e+00
   9.0485753e+00  -4.9199559e+00
   8.0452818e+00  -8.1231084e+00
   9.3297967e+00  -3.6008897e+00
   9.9133683e+00  -5.0147509e+00
   8.8350781e+00  -5.9721958e+00
   9.7748940e+00  -5.3136597e+00
   8.1484912e+00  -6.6874687e+00
   1.1321959e+01  -2.7017097e+00
   8.3003071e+00  -6.3816830e+00
   1.2040259e+01  -1.5157788e+00
   7.5584489e+00  -3.4287831e+00
   1.0533207e+01  -7.2798071e+00
   7.7371855e+00  -5.0487098e+00
   9.1962702e+00  -4.9232773e+00
   8.4864265e+00  -4.3773391e+00
   9.2658952e+00  -4.3333054e+00
   1.0583604e+01  -5.2419869e+00
   7.4232703e+00  -3.4678294e+00
   8.8114882e+00  -4.9277288e+00
   8.1910094e+00  -5.8141878e+00
   1.0416431e+01  -2.6154629e+00
   8.0392300e+00  -4.8484672e+00
   7.6667898e+00  -3.9078458e+00
   9.3608143e+00  -4.2656414e+00
   7.7209657e+00  -5.1304823e+00
   6.7048296e+00  -4.4786155e+00
   8.7920685e+00  -5.5467761e+00
   9.8203333e+00  -6.1582206e+00
   7.0005314e+00  -4.5831370e+00
   8.7595771e+00  -3.3384271e+00
   1.1070671e+01  -3.7463329e+00
   9.6082611e+00  -4.9282240e+00
   9.3942181e+00  -5.0559832e+00
   9.4325659e+00  -3.8641758e+00
   8.7742959e+00  -4.7958495e+00
   1.0133148e+01  -7.6123032e+00
   9.8823709e+00  -5.3571090e+00
   8.4361423e+00  -6.3053924e+00
   1.0836028e+01  -4.7108915e+00
   7.1205470e+00  -3.8449763e+00
   8.8791302e+00  -6.4555944e+00
   1.0969080e+01  -4.6016987e+00
   6.1339263e+00  -3.5865790e+00
   7.3070416e+00  -6.2283049e+00
   8.0263212e+00  -4.5640220e+00
   9.3762319e+00  -5.8441839e+00
   5.8191189e+00  -6.1233988e+00
   8.9488740e+00  -5.5373211e+00
   9.6829477e+00  -6.1624562e+00
   6.5628876e+00  -2.3781678e+00
   7.3257976e+00  -4.7106394e+00
   9.4022028e+00  -4.6102059e+00
   8.6052052e+00  -5.8114593e+00
   9.8620829e+00  -4.3695374e+00
   1.0430159e+01  -4.4250611e+00
   8.1921492e+00  -5.4220933e+00
   8.2145855e+00  -3.5984303e+00
   6.7660966e+00  -4.7282609e+00
   7.5059797e+00  -5.3551740e+00
   9.8098332e+00  -9.2795015e+00
   1.4095728e+01  -5.6248989e+00
   1.0530036e+01  -6.8982506e+00
   5.6364562e+00  -7.1459066e+00
   9.7772605e+00  -4.8195148e+00
   8.5690594e+00  -4.2522041e+00
   6.3628515e+00  -3.8095782e+00
   8.7157429e+00  -4.4228707e+00
   8.3740675e+00  -3.8532008e+00
   6.6781466e+00  -4.6438551e+00
   9.2491918e+00  -5.9921175e+00
   1.0538651e+01  -4.7396126e+00
   1.2687498e+01  -3.2172828e+00
   6.2403078e+00  -3.6656860e+00
   1.0266561e+01  -4.9049735e+00
   1.0333570e+01  -6.0057852e+00
   9.5643651e+00  -3.9760655e+00
   9.7010156e+00  -2.9326081e+00
   8.1955962e+00  -3.4548852e+00
   1.1397269e+01  -7.4607583e+00
   8.7829444e+00  -4.1425115e+00
   7.2881043e+00  -4.9404296e+00
   5.7318113e+00  -2.2522323e+00
   9.2884911e+00  -5.2883871e+00
   6.8043478e+00  -4.6089040e+00
   9.0426078e+00  -8.3314565e+00
   7.7923963e+00  -2.4481478e+00
   9.0569026e+00  -5.2890662e+00
   1.3793435e+01  -4.7478319e+00
   7.4681300e+00  -4.4317928e+00
   7.4893130e+00  -6.2683669e+00
   1.1031094e+01  -2.9268787e+00
   1.0456363e+01  -6.1210846e+00
   7.6953228e+00  -4.6909788e+00
   1.0227266e+01  -4.7180813e+00
   9.8711934e+00  -5.8002314e+00
   8.1484202e+00  -7.4956533e+00
   7.6860993e+00  -5.3888352e+00
   9.9676730e+00  -2.9105966e+00
   9.8949401e+00  -6.9704981e+00
   7.6110997e+00  -5.5236447e+00
   9.5678131e+00  -5.6439562e+00
   9.4557853e+00  -5.0729490e+00
   8.8064889e+00  -5.9832205e+00
   5.7611759e+00  -4.5334462e+00
   8.8489068e+00  -6.0073336e+00
   9.7675128e+00  -5.4716761e+00
   9.0108027e+00  -4.3399690e+00
   1.0439356e+01  -6.1469734e+00
   7.4926890e+00  -4.4647553e+00
   8.9109191e+00  -4.2098911e+00
   1.1174678e+01  -7.6328309e+00
   8.3827880e+00  -5.0237700e+00
   9.8206108e+00  -3.7083018e+00
   9.8802062e+00  -3.9518044e+00
   1.1729327e+01  -7.5053085e+00
   7.5120397e+00  -4.1892315e+00
   1.1045722e+01  -4.8698937e+00
   1.0780641e+01  -6.5266121e+00
   9.1831659e+00  -6.0897734e+00
   9.1442924e+00  -3.9726704e+00
   1.1782398e+01  -4.7963708e+00
   9.1993028e+00  -4.6404944e+00
   9.1148429e+00  -7.1422288e+00
   7.8012749e+00  -8.5107546e+00
   1.0398640e+01  -6.8343304e+00
   8.7272671e+00  -6.5131943e+00
   8.9047362e+00  -4.6613163e+00
   8.5094943e+00  -5.8450331e+00
   9.0959715e+00  -3.8680823e+00
   5.1533650e+00  -2.9111845e+00
   5.6106666e+00  -4.8778061e+00
   8.3728178e+00  -6.4419363e+00
   1.0574098e+01  -4.2564124e+00
   7.2717872e+00  -3.5064398e+00
   7.7764703e+00  -5.8658249e+00
   6.3617422e+00  -7.5067606e+00
   1.2461217e+01  -4.1189811e+00
   1.0593960e+01  -5.8484444e+00
   6.9036946e+00  -5.1000700e+00
   8.2250764e+00  -4.8073316e+00
   7.8993699e+00  -5.2419247e+00
   6.2132966e+00  -2.8860526e+00
   8.8766150e+00  -6.4354294e+00
   1.0868182e+01  -4.8198727e+00
   9.9094692e+00  -4.9970460e+00
   9.5947713e+00  -6.9207489e+00
   7.7844838e+00  -5.0521733e+00
   9.4057558e+00  -5.8933091e+00
   9.5634240e+00  -4.2979171e+00
   6.4683405e+00  -5.4506044e+00
   9.4450812e+00  -6.1199479e+00
   9.2013691e+00  -7.8360727e+00
   1.1731813e+01  -3.3812592e+00
   9.2180716e+00  -4.8677731e+00
   9.4973720e+00  -6.1546074e+00
   9.0293196e+00  -4.3046935e+00
   1.0757052e+01  -6.0883312e+00
   9.3698931e+00  -4.2277629e+00
   6.5686559e+00  -5.4540702e+00
   6.8340248e+00  -6.0898977e+00
   1.1312745e+01  -6.4352045e+00
   8.4124942e+00  -4.2402665e+00
   9.8232652e+00  -7.6722328e+00
   8.2738728e+00  -5.6954537e+00
   7.1545952e+00  -3.3651654e+00
   1.0542997e+01  -4.9618767e+00
   8.6890959e+00  -5.8800545e+00
   9.7031815e+00  -3.7542487e+00
   7.5434151e+00  -1.7027622e+00
   6.7826049e+00  -3.9744805e+00
   9.1911779e+00  -7.0897107e+00
   1.1022076e+01  -7.0499143e+00
   8.4250616e+00  -3.8521821e+00
   7.7906760e+00  -5.6822905e+00
   9.7873831e+00  -5.6815974e+00
   9.8308733e+00  -4.7802624e+00
   6.3488535e+00  -4.6932824e+00
   1.1043618e+01  -4.2473004e+00
   9.7760769e+00  -4.4164699e+00
   1.1464308e+01  -2.8174822e+00
   5.9864717e+00  -2.7356533e+00
   1.0484490e+01  -7.2032075e+00
   8.3736700e+00  -6.9725505e+00
   8.8178777e+00  -6.0110676e+00
   7.8685240e+00  -4.5065449e+00
   9.9069485e+00  -6.5408364e+00
   1.1473893e+01  -2.5674742e+00
   6.2871688e+00  -3.4810792e+00
   7.0750929e+00  -4.9317320e+00
   9.6775577e+00  -2.9379466e+00
   9.5305441e+00  -4.9545766e+00
   8.8714963e+00  -5.6338433e+00
   7.9423290e+00  -4.1675583e+00
   1.3097636e+01  -6.0416920e+00
   9.8426531e+00  -2.2167978e+00
   5.4328778e+00  -2.8886834e+00
   9.2054229e+00  -4.5423289e+00
   1.0213602e+01  -5.7586971e+00
   9.3565733e+00  -3.8224733e+00
   7.5600978e+00  -6.4974459e+00
   8.7524218e+00  -6.5025574e+00
   7.9546743e+00  -3.8560601e+00
   1.0771151e+01  -4.7686557e+00
   8.6206205e+00  -3.8170632e+00
   8.6196135e+00  -2.0662117e+00
   5.9126222e+00  -5.8961795e+00
   1.1394819e+01  -4.5615143e+00
   1.1072180e+01  -5.9743496e+00
   6.5657498e+00  -2.9413726e+00
   9.2180640e+00  -5.8797241e+00
   6.0680775e+00  -6.0750826e+00
   3.6841208e+00  -3.3085505e+00
   9.3566972e+00  -3.0048796e+00
   1.0312297e+01  -4.5890220e+00
   8.8434841e+00  -1.9591537e+00
   9.3125284e+00  -5.2693176e+00
   7.5255124e+00  -7.4992834e+00
   5.2866321e+00  -2.7684043e+00
   1.0740742e+01  -6.9111985e+00
   7.7419316e+00  -3.9854777e+00
   7.4164066e+00  -3.6013366e+00
   8.3344921e+00  -4.7051916e+00
   1.0694917e+01  -8.8895506e+00
   6.2111143e+00  -4.7336325e+00
   8.7339700e+00  -6.4110092e+00
   8.9686106e+00  -7.6941533e+00
   8.6346952e+00  -4.0974154e+00
   9.1781708e+00  -3.4386515e+00
   1.0369083e+01  -6.8037560e+00
   1.2384547e+01  -5.4956333e+00
   8.1281778e+00  -5.6714803e+00
   9.2893583e+00  -5.5421697e+00
   1.0375681e+01  -5.9646790e+00
   8.7481650e+00  -5.8822359e+00
   1.2793790e+01  -6.5253448e+00
   1.0480030e+01  -7.3197154e+00
   8.7505292e+00  -3.1259387e+00
   8.3436828e+00  -5.7502083e+00
   7.1248384e+00  -4.8625952e+00