   1.6262182e+00  -1.4062053e+00
   2.9295712e+00  -9.5793237e-01
   2.8955747e+00   1.4038737e+00
   4.9380913e+00   2.6482155e+00
   3.4517411e+00  -6.6244464e-01
  -3.1343186e+00   6.1948437e-01
  -2.4080247e+00  -1.7764379e+00
   3.0866924e+00   1.1278672e+00
   5.2954045e+00   1.4433148e+00
   4.5533501e-01  -3.1120588e+00
  -5.6127443e+00   1.2580561e+00
  -2.7248884e+00   5.5651555e-01
  -2.2562684e+00  -1.2474421e-02
   1.6914551e+00   1.3109064e+00
  -3.0375219e+00  -1.8734765e+00
  -2.9857750e+00   1.0602943e+00
  -7.8886651e+00  -4.0144664e+00
   5.1685242e+00   1.7416221e-01
   3.0167830e-01   2.4608651e+00
  -3.2679749e+00   1.3743196e+00
   5.9828862e-01   5.1461352e+00
  -8.1493409e-01   3.2900134e+00
   4.2103981e+00  -7.2940657e-01
   4.3894845e-01   1.2259841e+00
   9.7534652e-01   1.9074956e+00
   1.4054625e+00  -3.5476968e+00
   1.5048705e+00   9.9495375e+00
  -2.4739472e+00  -4.2415105e+00
   3.4405564e+00  -4.2808264e-01
  -1.7173586e+00   4.4434983e+00
   1.7634874e+00   2.1527482e+00
   1.7483968e+00  -1.1892993e+00
  -1.4944463e+00  -1.3085247e-01
  -4.0186865e+00  -3.6920492e+00
   1.9198321e-01  -1.7290202e+00
  -2.4736570e+00  -6.2681198e+00
   8.8155264e-01  -1.2805062e+00
  -1.2243339e+00  -2.8645185e+00
   3.9243948e+00   3.2695561e+00
  -2.5060220e+00   8.0708108e-01
  -1.1650493e+00  -1.6498112e+00
  -3.3127554e+00  -3.4747552e+00
  -2.6151923e-01   3.3545669e+00
  -1.2235479e+00  -6.4428771e-01
  -1.5430464e+00  -3.8953767e-01
   1.2442666e+00  -5.4403395e+00
  -3.1685491e+00  -3.6016389e+00
   2.4815832e+00   3.1332475e+00
   6.1456601e-01  -1.7044397e+00
   8.0459166e-01   9.6090792e-01
   3.1761754e+00   1.1668917e+00
   4.1539173e+00  -1.1235308e+00
  -2.2823457e+00  -1.8383739e+00
  -4.0136668e+00   2.5372110e+00
   3.6116453e+00   1.1272236e+00
   2.8429792e+00  -2.0156619e+00
   1.1381123e+00  -7.2028660e-01
  -3.2328771e+00   3.3629009e+00
  -7.3083175e-01  -4.2434282e-01
   2.1436888e+00  -3.9310868e-01
   1.4218763e+00   1.3295765e+00
   1.2788364e+00  -2.0656205e+00
   4.9157163e-01  -1.3001608e+00
   2.3209682e+00  -6.2358117e-01
   5.8430214e+00   5.5434886e-01
  -1.9265795e+00   2.0348262e+00
   4.9352440e+00   1.5625344e+00
  -2.6160030e+00  -1.9306019e+00
   8.9437971e-01  -2.6052655e+00
  -1.4412642e+00   3.3710078e-01
   1.1941338e+00   1.2177207e+00
  -6.3042121e-01  -8.3132932e-01
   2.2633171e+00   5.7003063e+00
  -1.1481178e+00  -3.0973059e+00
   1.1201188e+00  -2.2790627e+00
   8.8271049e-01  -5.0640443e+00
   3.5062798e+00   1.1781790e+00
  -3.7352285e+00  -3.7143750e+00
   6.4072529e-01  -1.1594244e+00
  -2.6155539e-01  -9.6281968e-01
   8.6747888e-01   1.7560093e+00
  -3.8180927e+00   1.0181503e+00
  -4.9426640e+00   2.3774759e+00
  -1.6647417e+00  -2.5796746e-02
   4.1218857e+00   3.6018142e+00
  -3.1743979e+00   2.1981308e+00
   8.3049393e-01   3.7765859e+00
   1.5992345e+00  -2.2868626e-01
  -2.9128260e+00  -4.3723144e+00
  -4.2885960e-02   2.0076516e+00
   1.1017316e+00  -3.2274143e+00
  -2.9929345e+00  -5.4776092e-01
  -8.5330171e-01  -5.5680621e-01
  -1.1585109e+00   1.5570390e+00
   1.7185412e+00   7.4528818e-01
  -1.8641294e+00   4.4293976e+00
   9.7728069e-01   1.5922920e+00
  -2.2822299e+00   2.5240955e+00
   3.9400040e+00   4.0935918e+00
   3.0990049e+00  -1.4837341e-01
   9.7347975e-01   2.0371326e+00
  -6.0694998e-01  -1.0970989e+00
   6.7655554e-01  -3.2082201e+00
  -2.7967648e+00   4.4845050e+00
   3.0096949e+00   5.3041401e+00
   5.0415735e+00  -4.5883508e+00
   5.2825297e+00   2.1477800e+00
   4.6959674e+00  -4.7840803e+00
   5.6724363e+00   1.4369980e+00
   7.5606234e-01   2.2688441e+00
   2.6301720e+00  -1.7299269e-01
   2.3542681e-01  -1.8965048e+00
  -4.3244578e+00  -2.4502678e+00
   1.9204029e+00  -1.8547933e-01
  -1.6821180e+00   2.0939167e+00
  -1.8689008e+00   8.4170044e-01
   5.1683380e+00  -2.9435919e-01
   3.9147793e+00   2.0334216e-01
  -5.8191488e+00  -5.8167060e+00
  -4.7112156e+00  -1.8658873e+00
  -3.4107860e+00   4.3851204e+00
  -4.6756706e-01  -4.3567860e+00
  -1.3042483e+00  -2.1466813e+00
   5.6381692e+00   1.1086723e-02
  -1.4250925e-01   4.5497078e+00
   7.1021747e-01  -4.3258809e+00
  -2.2568658e+00   4.2729180e+00
  -1.5438066e+00   4.9107664e-01
   2.4259434e-01  -1.9696398e+00
   2.7787128e+00  -2.6492871e+00
   2.6722471e+00   8.1958986e+00
   4.8161580e+00   5.8630503e-02
  -8.3464877e-01   9.2554164e-01
  -7.5068144e-01  -2.4047768e+00
   2.6515349e+00  -3.1641823e-01
  -5.2532572e+00   3.3705488e+00
   4.5664040e+00   3.9739312e+00
   4.8115097e+00   1.5844868e+00
  -6.9583124e+00  -2.8871263e+00
  -4.7401540e-01  -2.3342498e+00
  -2.3482914e+00   1.1612884e+00
   1.3830619e+00  -4.5737168e+00
  -5.1717361e+00  -1.6055474e+00
  -1.4009950e+00   4.3251051e+00
  -5.4170526e+00   6.5721232e+00
  -8.0617834e-01  -1.7397990e+00
  -4.6436578e-01   3.6103142e-01
   1.4334063e-01  -2.2404018e+00
  -2.9905201e+00  -5.6646828e-01
   5.3159689e-01   3.4473900e-01
  -5.3837535e-01   1.7755825e-01
  -3.6965054e-01   2.2853212e+00
  -3.7919223e-01   1.4008496e+00
   6.3742409e-01  -1.0267879e-01
  -1.9918439e+00  -2.4908553e+00
  -3.5099342e+00   2.2176635e+00
  -4.4906566e+00  -7.1015596e+00
  -4.6308976e+00   2.4009512e+00
   3.2809404e+00  -1.5684146e+00
  -2.8086379e-01   3.7389137e+00
   8.5139925e-01   5.8017973e-01
   6.3956608e-01  -8.5916827e-01
   8.6096719e-01   1.6389216e+00
   4.6067341e+00  -1.2500665e+00
  -6.5580521e+00   5.0663524e-01
  -9.2395882e-01  -1.4178230e+00
   3.5643677e+00  -2.2575774e+00
   2.2674696e+00   1.3714143e+00
  -1.1020054e-02  -2.4081284e-02
  -4.0284245e+00   2.3172667e+00
   6.7241563e-02  -2.8185764e+00
  -2.1865087e+00   2.2356771e-01
   3.6262334e+00  -2.0357206e-01
   2.3476818e+00   3.0002822e+00
   1.0164899e+00  -3.8277843e-01
   2.5355098e+00   4.4279954e+00
  -4.1520224e+00   9.6606879e-01
  -1.5614669e+00   1.3415073e+00
   1.4309077e+00  -3.0324237e+00
   2.8723737e+00  -1.2523368e+00
  -2.2126823e+00  -4.6305964e-01
   1.8215024e+00   3.8842681e+00
   1.8390118e+00  -7.7589263e-01
   3.3082962e+00   7.1238421e-01
   1.0005815e+00   1.5882416e+00
  -1.2244161e+00   3.2304690e+00
   2.4023539e+00  -9.5094504e-01
   1.3210827e+00   1.6847358e+00
  -4.2422080e+00  -5.2464267e+00
   3.3778945e+00   7.3897259e-01
  -1.5278112e+00   3.1075250e+00
   8.1148252e-01  -9.7971201e-01
   9.6852381e-01   2.2708581e+00
  -4.3626550e-01   4.8773343e+00
   3.2635463e+00  -4.2113778e+00
   4.7996622e-01  -4.8902345e-01
  -1.0412977e+00   1.9110568e+00
   6.6906282e-01  -1.2050229e+00
  -1.9067089e+00  -1.1179273e+00
   3.0149404e+00   1.2207397e+00
   3.3745515e+00   1.6134283e+00
  -4.7516313e-01   1.6067101e+00
   1.4109870e+00  -7.8132376e-01
  -3.1537121e+00   3.0376022e+00
   7.9997782e-01  -5.1211295e+00
  -3.1967486e+00   1.7750643e+00
   2.7177319e+00  -2.1047755e+00
   1.9560918e+00  -1.5661378e+00
  -2.6343276e+00  -2.3402524e-01
  -1.9899232e+00  -1.2023287e+00
   5.1308345e+00   1.9728763e+00
  -4.3841273e+00  -2.2284602e+00
  -4.9013046e-01  -1.8942716e+00
   2.2129924e+00  -2.1113428e+00
  -4.9461868e-01   2.7395447e-02
  -3.8388238e+00   2.8333020e+00
  -2.2613894e+00   4.5095926e+00
  -2.3270776e+00   6.5032953e-01
   2.3554562e+00   2.0223147e+00
   2.9832182e-01   3.6230674e+00
  -2.3070358e-01  -2.3783755e+00
  -4.0137235e+00  -1.1132350e+00
   1.3688689e+00   9.6281210e-01
  -1.4469409e+00   5.8510674e-01
   1.2622815e+00  -2.6093146e+00
   3.4289112e+00  -2.4574601e+00
  -9.8526880e-01  -4.0031306e+00
   1.3314883e+00   9.2370477e-01
  -1.0453769e+00  -4.1390027e-01
  -8.8549927e-01   3.7880677e+00
   2.8226865e+00  -5.5459356e+00
  -1.2184069e+00  -1.0680757e+00
  -3.4944282e+00  -8.1009762e+00
  -4.5407125e-03  -1.0779225e+00
   1.3935773e+00  -2.4710510e+00
   2.4384740e+00   4.4334808e-01
  -2.4378782e+00   1.9421228e+00
  -4.4641316e+00   2.0332847e-01
   2.6075021e+00   2.2470499e+00
  -5.8862203e-01   3.1771372e+00
   1.2201440e+00   4.5785195e+00
  -1.1630433e+00  -1.4566534e+00
  -5.1553908e-01   1.1376078e+00
  -9.8257188e-01   1.9595730e-02
  -1.7999563e+00  -8.7523643e-01
  -2.7435395e+00  -5.7326595e+00
  -5.9907861e-01  -1.2066429e+00
  -8.7509756e-01  -2.2457778e+00
   5.4647225e+00   2.6051030e-01
  -3.4329552e+00  -2.1049641e+00
   1.8993368e+00  -2.9285007e+00
  -4.1800968e+00  -9.6059384e-01
  -3.8752740e+00  -5.1722871e+00
   3.7441069e+00  -4.0696163e+00
   7.3148987e-02   3.5444487e+00
   4.9881873e-01  -5.6718743e+00
  -1.6265228e+00   1.0342905e+00
   3.2396134e+00  -1.3206511e+00
  -9.0043423e-01  -1.5849689e+00
  -1.3659366e+00  -6.5928775e-02
  -7.3490308e-01  -7.5722348e-01
   1.0827476e-01   1.3586430e-01
  -2.8412008e+00  -5.4048339e+00
   1.1288208e+00   2.4320940e+00
   1.3366080e+00  -1.2679459e-01
  -6.8989091e-01  -1.6970700e+00
   9.9540579e-01  -6.3888808e-01
  -2.0288402e+00  -2.8832917e+00
   4.4726465e+00   3.7987466e+00
  -1.6648508e+00  -2.3605370e+00
   6.0747977e+00   5.8118611e+00
  -1.3973142e+00   2.9311728e+00
   1.2060906e+00  -4.1914654e+00
  -1.8797776e+00   5.3382837e-02
   3.2397820e-01   1.1370953e-01
  -4.6887586e-01   1.1552346e+00
   6.9783841e-01   1.1469277e+00
   2.2178464e+00  -6.0165693e-01
  -1.6141026e+00   2.8771965e+00
  -2.4401285e-01   1.4830747e-01
  -1.5644946e+00  -1.3472350e+00
   3.1804675e+00   4.0508178e+00
  -1.3433918e+00   3.7335145e-01
  -1.4583885e+00   2.0739996e+00
   8.6857990e-01   1.2558365e+00
  -1.9412587e+00  -8.9100498e-02
  -3.1358727e+00   1.1731090e+00
  -5.5740819e-01  -9.4174792e-01
   6.7364373e-01  -2.1339777e+00
  -2.7490422e+00   9.5607550e-01
   4.1089642e-01   2.9580727e+00
   3.6224033e+00   1.9834199e+00
   9.2766432e-01   5.9528268e-02
   5.5406288e-01  -1.4226529e-01
   1.1588333e+00   1.9562345e+00
  -2.3803616e-01   3.8508828e-01
   4.6469228e-01  -4.7339578e+00
   1.1334926e+00  -7.2740430e-01
  -1.4299599e+00  -2.2409222e+00
   2.8334786e+00   3.0751665e-01
  -2.2328832e+00   2.2451869e+00
  -8.4751712e-01  -2.5548002e+00
   3.0794148e+00   4.8548849e-01
  -3.5651265e+00   2.8099335e+00
  -3.0551884e+00  -1.9803448e+00
  -1.2315008e+00   8.7662819e-01
   1.6494588e-01  -1.5309198e+00
  -5.1953774e+00  -1.6310987e+00
  -3.2242607e-01  -9.4236628e-01
   4.6962629e-01  -2.1262932e+00
  -2.3781966e+00   4.8946325e+00
  -2.3293018e+00   6.9523467e-01
   7.7091562e-01   6.4334807e-01
  -9.5403403e-01  -1.3881180e+00
   1.5580488e+00   1.0172272e+00
   2.3680360e+00   8.5659151e-01
  -1.3824098e+00  -6.5558027e-01
  -5.1031626e-01   2.5594711e+00
  -3.1606259e+00   7.2589501e-01
  -2.3608471e+00  -4.6181002e-01
  -7.7794663e-01  -7.6397600e+00
   7.2073447e+00  -1.6647188e+00
   1.3769862e+00  -3.5179275e+00
  -5.9345111e+00  -3.4149777e+00
   1.2262497e+00   2.3268096e-01
  -2.8976188e-01   1.3668962e+00
  -3.3310253e+00   2.3912349e+00
  -1.5254379e-01   1.0496024e+00
  -3.9297143e-01   2.0923790e+00
  -3.2511476e+00   8.8451708e-01
  -8.9972775e-02  -1.7779062e+00
   2.3828773e+00   2.8965208e-01
   6.2438788e+00   2.7384543e+00
  -3.4450574e+00   2.6586267e+00
   1.9065985e+00   2.7921347e-02
   1.4986568e+00  -1.9216566e+00
   1.3012034e+00   1.7442842e+00
   1.9823009e+00   3.5702015e+00
  -4.7219880e-01   2.8148257e+00
   2.3937065e+00  -4.6060507e+00
   7.5294450e-02   1.5368319e+00
  -2.4904714e+00   2.9396973e-01
  -3.5426107e+00   5.2085135e+00
   2.9162568e-01  -5.4063565e-01
  -3.0494476e+00   9.3225868e-01
  -1.4701834e+00  -5.8824589e+00
  -6.0201649e-01   4.6355173e+00
  -4.9310388e-02  -5.1628340e-01
   7.1662785e+00  -8.3940049e-02
  -1.9916559e+00   1.1715065e+00
  -2.8055341e+00  -2.0711364e+00
   3.9412352e+00   3.4335665e+00
   1.6262119e+00  -2.1386291e+00
  -1.7767527e+00   6.8915372e-01
   1.9347956e+00   3.6199434e-01
   9.1316567e-01  -1.5079811e+00
  -2.4008021e+00  -4.3091808e+00
  -2.1114126e+00  -5.4107123e-01
   2.3846322e+00   3.5796175e+00
   4.0963580e-01  -3.5753270e+00
  -2.2837509e+00  -7.7064399e-01
   5.3885398e-01  -1.1987906e+00
   6.3681067e-01  -1.7899096e-01
  -7.3701292e-01  -1.7133668e+00
  -4.5490405e+00   1.1804805e+00
  -6.8571883e-01  -1.7605900e+00
   9.1184381e-01  -9.1686531e-01
   3.1957857e-01   1.1633146e+00
   1.5892862e+00  -2.1824289e+00
  -1.9707006e+00   1.1106406e+00
   2.3251920e-01   1.4038336e+00
   1.9871439e+00  -4.8850841e+00
  -9.1874109e-01   2.6157252e-02
   1.8012951e+00   2.1884344e+00
   1.7769098e+00   1.7522427e+00
   2.8616040e+00  -4.7212866e+00
  -1.8154669e+00   1.5946179e+00
   3.0687409e+00   3.8507695e-03
   1.9165756e+00  -2.8898864e+00
  -2.3201755e-01  -1.9429180e+00
   6.8491666e-01   1.7966196e+00
   4.1860831e+00   5.2293421e-02
   4.5855123e-01   6.1229478e-01
  -8.1675797e-01  -3.7922491e+00
  -3.3784512e+00  -6.0618456e+00
   1.2131378e+00  -3.3906552e+00
  -1.0973822e+00  -2.6396704e+00
   1.5717993e-02   6.0805694e-01
  -1.1102548e+00  -1.4367935e+00
   6.6196800e-01   1.9864777e+00
  -4.6965912e+00   4.1097285e+00
  -4.9288567e+00   5.8952440e-01
  -1.5859244e+00  -2.4748431e+00
   2.6573416e+00   1.1382615e+00
  -1.8546713e+00   2.8257880e+00
  -2.1979636e+00  -1.3926044e+00
  -5.0337842e+00  -4.1316588e+00
   5.4961768e+00   1.1725341e+00
   1.9540378e+00  -1.6727850e+00
  -3.1293196e+00   5.4723622e-02
  -1.0511191e+00   4.2542391e-01
  -1.7301355e+00  -3.0540347e-01
  -3.1260651e+00   4.0371303e+00
  -8.4193837e-01  -2.5189453e+00
   2.8306278e+00   1.1169129e-01
   1.3390195e+00  -9.5127327e-02
  -8.9664318e-03  -3.4544367e+00
  -1.8118042e+00   4.2053929e-02
   1.8576692e-01  -1.6208497e+00
   1.1517306e+00   1.1765385e+00
  -3.9309305e+00  -5.1570020e-01
   1.3932749e-01  -2.0250518e+00
  -1.0087418e+00  -5.0259585e+00
   4.7627953e+00   2.5545853e+00
   3.8158235e-01   2.0923143e-01
   2.0029021e-01  -2.0919715e+00
   3.6304428e-01   1.2235090e+00
   2.0835405e+00  -2.1140158e+00
   8.9936161e-01   1.3216648e+00
  -3.7849799e+00  -5.3288239e-01
  -3.6872249e+00  -1.6839635e+00
   2.7412603e+00  -2.7873196e+00
  -5.1454746e-01   1.4052314e+00
  -1.8662962e-02  -4.8055044e+00
  -1.3879866e+00  -1.1468919e+00
  -1.9620366e+00   3.0879708e+00
   2.2870024e+00  -1.0297261e-01
  -8.6220802e-01  -1.5183974e+00
   1.6074377e+00   2.1203250e+00
  -6.2525884e-01   5.9780860e+00
  -2.7895199e+00   2.0539840e+00
  -6.8031911e-01  -3.7080122e+00
   2.0309022e+00  -3.8397962e+00
  -3.1749990e-01   2.0885503e+00
  -2.0926227e+00  -1.0703581e+00
   8.4448136e-01  -1.2894262e+00
   1.3231647e+00   2.9601974e-01
  -3.7582188e+00   8.3364142e-01
   3.3521110e+00   1.1025373e+00
   1.4099556e+00   9.4391207e-01
   4.6287470e+00   3.5787817e+00
  -3.3904816e+00   4.3275077e+00
   1.1696820e+00  -4.0509443e+00
  -1.8288143e+00  -3.4111107e+00
  -7.3307493e-01  -1.7637547e+00
  -1.4371452e+00   9.9544545e-01
   6.2499150e-01  -2.8185908e+00
   4.7578769e+00   4.0188186e+00
  -3.2911932e+00   2.9791624e+00
  -2.7997698e+00   3.3281601e-01
   1.9453422e+00   3.5633707e+00
   8.0123177e-01   2.1608063e-02
  -4.8064566e-01  -1.1041255e+00
  -1.1726190e+00   1.5853839e+00
   5.5475634e+00  -2.2899589e+00
   2.5199779e+00   4.8174941e+00
  -4.2751267e+00   4.1185898e+00
   5.1272015e-01   7.8481501e-01
   1.4358959e+00  -1.4724783e+00
   1.0662503e+00   2.0381953e+00
  -2.8068254e+00  -2.4831148e+00
  -1.0554900e+00  -2.6236788e+00
  -1.0111365e+00   2.1336048e+00
   2.7114796e+00   2.1275967e-01
  -1.3710356e-02   2.1289359e+00
   7.9040086e-01   5.2181108e+00
  -4.9533046e+00  -1.2405268e+00
   3.7240881e+00   5.0941602e-01
   2.5994794e+00  -1.9476828e+00
  -2.6331255e+00   3.9006428e+00
  -8.4042222e-02  -1.5761738e+00
  -4.8069746e+00  -1.5733202e+00
  -7.0404105e+00   3.5707449e+00
   1.4426192e+00   3.4806791e+00
   2.1192417e+00   5.8031512e-01
   1.1689318e+00   5.3822963e+00
   3.3575429e-01  -5.0964291e-01
  -3.3186541e+00  -4.2468619e+00
  -4.4348849e+00   4.3469357e+00
   1.6809377e+00  -3.5640182e+00
  -1.3835885e+00   1.9287418e+00
  -1.6856264e+00   2.6424042e+00
  -8.4319297e-01   5.9356008e-01
   7.0327004e-01  -7.0494103e+00
  -3.9793733e+00   7.7764729e-01
  -1.0405065e+00  -2.4601225e+00
  -1.2857871e+00  -4.7498876e+00
  -1.2200324e-01   1.6327518e+00
   9.8045537e-01   2.7350626e+00
   1.1837322e+00  -3.3334512e+00
   4.7499923e+00  -1.2478632e+00
  -1.5912464e+00  -1.0885211e+00
   1.7613217e-01  -9.8848528e-01
   1.5795084e+00  -1.8537781e+00
  -7.7633205e-01  -1.5287629e+00
   4.8781277e+00  -3.1097553e+00
   1.1095146e+00  -4.2560095e+00
   4.9535760e-01   3.3339687e+00
  -1.3105024e+00  -1.2511985e+00
  -2.6947925e+00   4.4930730e-01
   1.2705203e+01   1.1250620e+01
   1.3722450e+01   1.1148707e+01
   1.4980810e+01   1.2506523e+01
   1.6868290e+01   1.2656180e+01
   1.4192735e+01   1.1174047e+01
   1.0972651e+01   1.3714271e+01
   1.0107251e+01   1.2146896e+01
   1.4944974e+01   1.2296462e+01
   1.6428366e+01   1.1870132e+01
   1.1085890e+01   1.0598140e+01
   9.8454280e+00   1.4759355e+01
   1.1181885e+01   1.3565904e+01
   1.1152360e+01   1.3112370e+01
   1.4214881e+01   1.2784052e+01
   9.6806122e+00   1.2264330e+01
   1.1299562e+01   1.3925168e+01
   5.6385817e+00   1.2373879e+01
   1.5665906e+01   1.1180342e+01
   1.4011475e+01   1.3822209e+01
   1.1301850e+01   1.4181944e+01
   1.5641420e+01   1.5273934e+01
   1.3796738e+01   1.4602197e+01
   1.4607350e+01   1.0927515e+01
   1.3424551e+01   1.3079460e+01
   1.4112265e+01   1.3321295e+01
   1.1414712e+01   1.0088539e+01
   1.8780518e+01   1.7767538e+01
   8.7336061e+00   1.0757555e+01
   1.4312960e+01   1.1310928e+01
   1.3884872e+01   1.5508557e+01
   1.4713420e+01   1.3244927e+01
   1.2895235e+01   1.1340917e+01
   1.1541022e+01   1.2835612e+01
   8.1130276e+00   1.1495403e+01
   1.1678089e+01   1.1460098e+01
   7.6366737e+00   9.6003754e+00
   1.2330699e+01   1.1526847e+01
   1.0221679e+01   1.1200653e+01
   1.6602219e+01   1.3289262e+01
   1.1447599e+01   1.3648872e+01
   1.0914493e+01   1.1877917e+01
   8.6501904e+00   1.1425644e+01
   1.4160575e+01   1.4487105e+01
   1.1424068e+01   1.2468085e+01
   1.1372100e+01   1.2701259e+01
   1.0294333e+01   9.0521874e+00
   8.6672029e+00   1.1313605e+01
   1.5670974e+01   1.3607582e+01
   1.1942535e+01   1.1358106e+01
   1.3498352e+01   1.2827721e+01
   1.5019279e+01   1.2294174e+01
   1.4360425e+01   1.0717996e+01
   1.0148412e+01   1.2077027e+01
   1.1488221e+01   1.5050642e+01
   1.5256602e+01   1.2151960e+01
   1.3098387e+01   1.0568568e+01
   1.2786446e+01   1.1776264e+01
   1.2399227e+01   1.5307695e+01
   1.1835953e+01   1.2458381e+01
   1.3561172e+01   1.1686971e+01
   1.4064779e+01   1.2868729e+01
   1.2141781e+01   1.0969503e+01
   1.2088296e+01   1.1622700e+01
   1.3541762e+01   1.1506707e+01
   1.6272570e+01   1.1212218e+01
   1.2456598e+01   1.4190762e+01
   1.6278864e+01   1.2037089e+01
   9.9001936e+00   1.2115979e+01
   1.1621164e+01   1.0766949e+01
   1.1825955e+01   1.3088190e+01
   1.3868880e+01   1.2867394e+01
   1.1675304e+01   1.2198441e+01
   1.6930937e+01   1.5133182e+01
   1.0140954e+01   1.1046816e+01
   1.1931909e+01   1.0891216e+01
   1.0283169e+01   9.3663051e+00
   1.5221568e+01   1.2209983e+01
   8.2693990e+00   1.1404828e+01
   1.2253125e+01   1.1662102e+01
   1.1823337e+01   1.2022089e+01
   1.3966153e+01   1.3264420e+01
   1.0782106e+01   1.4129631e+01
   1.0849651e+01   1.5214511e+01
   1.1496689e+01   1.2942351e+01
   1.6899454e+01   1.3424742e+01
   1.1803432e+01   1.4626609e+01
   1.5038012e+01   1.4428230e+01
   1.3326616e+01   1.1930337e+01
   8.4019724e+00   1.0803372e+01
   1.3561355e+01   1.3658051e+01
   1.1407592e+01   1.0354800e+01
   1.0424786e+01   1.3009009e+01
   1.1691461e+01   1.2416376e+01
   1.2654407e+01   1.3707083e+01
   1.3924781e+01   1.2453673e+01
   1.3790013e+01   1.5540805e+01
   1.3942779e+01   1.3140797e+01
   1.2510103e+01   1.4567762e+01
   1.7057587e+01   1.3755463e+01
   1.4261398e+01   1.1564407e+01
   1.4181335e+01   1.3395824e+01
   1.1545379e+01   1.2040255e+01
   1.1165303e+01   1.0482497e+01
   1.3265586e+01   1.5828337e+01
   1.7160040e+01   1.4702060e+01
   1.3012274e+01   8.4960254e+00
   1.6802077e+01   1.2275884e+01
   1.2700924e+01   8.4791643e+00
   1.6649014e+01   1.1763006e+01
   1.4177562e+01   1.3587816e+01
   1.3969446e+01   1.1679076e+01
   1.1613240e+01   1.1352544e+01
   8.6035479e+00   1.2288356e+01
   1.3540875e+01   1.1866824e+01
   1.2633869e+01   1.4157380e+01
   1.1844978e+01   1.3493707e+01
   1.5412161e+01   1.0912889e+01
   1.4936609e+01   1.1541237e+01
   5.8928406e+00   1.0776667e+01
   8.6900544e+00   1.2728201e+01
   1.2846875e+01   1.5940182e+01
   9.8635816e+00   1.0140856e+01
   1.0562787e+01   1.1632446e+01
   1.5856732e+01   1.0958286e+01
   1.4878292e+01   1.5136799e+01
   1.0580262e+01   9.8351226e+00
   1.3471902e+01   1.5559294e+01
   1.1848369e+01   1.3204257e+01
   1.1577908e+01   1.1308820e+01
   1.2717181e+01   1.0224443e+01
   1.8524950e+01   1.6445771e+01
   1.5393954e+01   1.1211126e+01
   1.2505015e+01   1.3257607e+01
   1.0752049e+01   1.1333095e+01
   1.3904498e+01   1.1591321e+01
   1.1202667e+01   1.5866787e+01
   1.7365074e+01   1.3515154e+01
   1.6217214e+01   1.2083596e+01
   6.8017704e+00   1.2762095e+01
   1.0954649e+01   1.1297400e+01
   1.1733088e+01   1.3807800e+01
   1.0845964e+01   9.5088803e+00
   8.5573048e+00   1.3003285e+01
   1.4008793e+01   1.5354098e+01
   1.2838497e+01   1.7739710e+01
   1.1079053e+01   1.1728004e+01
   1.2419475e+01   1.2833631e+01
   1.1372345e+01   1.1181479e+01
   1.0416094e+01   1.2997665e+01
   1.3002549e+01   1.2550872e+01
   1.2276168e+01   1.2749197e+01
   1.3517478e+01   1.3906305e+01
   1.3032998e+01   1.3403933e+01
   1.2823232e+01   1.2266361e+01
   9.9678345e+00   1.1624728e+01
   1.1614599e+01   1.4729888e+01
   5.9868002e+00   9.6783178e+00
   1.1047640e+01   1.5142314e+01
   1.3600782e+01   1.0703677e+01
   1.4357145e+01   1.4711861e+01
   1.3320062e+01   1.2597491e+01
   1.2414980e+01   1.1833852e+01
   1.3898898e+01   1.3199356e+01
   1.4561031e+01   1.0521422e+01
   8.8768555e+00   1.4589877e+01
   1.1183358e+01   1.1944176e+01
   1.3396143e+01   1.0232378e+01
   1.4589959e+01   1.2660446e+01
   1.2480414e+01   1.2489276e+01
   1.1360384e+01   1.4929116e+01
   1.1014125e+01   1.0872262e+01
   1.1321599e+01   1.3227986e+01
   1.4544845e+01   1.1388133e+01
   1.5519416e+01   1.3568430e+01
   1.2896877e+01   1.2002359e+01
   1.6403934e+01   1.4332017e+01
   1.0555459e+01   1.4191581e+01
   1.2298254e+01   1.3694662e+01
   1.1708777e+01   1.0375750e+01
   1.3529082e+01   1.0996321e+01
   1.0934339e+01   1.2843140e+01
   1.5685257e+01   1.4217615e+01
   1.3172884e+01   1.1552073e+01
   1.4851750e+01   1.1998396e+01
   1.3954434e+01   1.3132087e+01
   1.3521151e+01   1.4680629e+01
   1.3412911e+01   1.1297452e+01
   1.4197143e+01   1.3099182e+01
   7.1387279e+00   1.0669297e+01
   1.4907505e+01   1.1994467e+01
   1.3274289e+01   1.4693736e+01
   1.2451892e+01   1.1717825e+01
   1.4304917e+01   1.3530631e+01
   1.4881075e+01   1.5404514e+01
   1.2159677e+01   9.1994436e+00
   1.2520508e+01   1.2089008e+01
   1.2915714e+01   1.3877028e+01
   1.2245281e+01   1.1628287e+01
   1.0761664e+01   1.2385231e+01
   1.4952609e+01   1.2369188e+01
   1.5378905e+01   1.2494658e+01
   1.3087406e+01   1.3547820e+01
   1.2915572e+01   1.1666493e+01
   1.2270173e+01   1.5100229e+01
   1.0203099e+01   9.3564277e+00
   1.1561122e+01   1.4391195e+01
   1.2975712e+01   1.0552077e+01
   1.2814665e+01   1.1068734e+01
   1.0807745e+01   1.3089677e+01
   1.0666520e+01   1.2359890e+01
   1.6617241e+01   1.2217672e+01
   8.6881622e+00   1.2431381e+01
   1.1183254e+01   1.1553032e+01
   1.2672193e+01   1.0686911e+01
   1.2220882e+01   1.2651447e+01
   1.1752418e+01   1.5171690e+01
   1.3597338e+01   1.5695666e+01
   1.1469087e+01   1.3510242e+01
   1.4994614e+01   1.3007921e+01
   1.4638638e+01   1.4486694e+01
   1.1075361e+01   1.1205402e+01
   9.5120182e+00   1.2966423e+01
   1.3834729e+01   1.2673877e+01
   1.1956839e+01   1.3231348e+01
   1.1837614e+01   1.0663624e+01
   1.3207436e+01   1.0155445e+01
   9.7473659e+00   1.0484919e+01
   1.3791343e+01   1.2661812e+01
   1.1654674e+01   1.2550706e+01
   1.4024423e+01   1.4905937e+01
   1.1175214e+01   8.5585180e+00
   1.1197705e+01   1.2224711e+01
   6.0378187e+00   8.8341679e+00
   1.1913768e+01   1.1885803e+01
   1.1990491e+01   1.0706517e+01
   1.4189177e+01   1.2083611e+01
   1.2102552e+01   1.4278218e+01
   9.9570649e+00   1.3841786e+01
   1.5266063e+01   1.3067032e+01
   1.3870129e+01   1.4475612e+01
   1.5703706e+01   1.4779112e+01
   1.1020251e+01   1.1987650e+01
   1.2809462e+01   1.3291070e+01
   1.1926672e+01   1.2780968e+01
   1.0956487e+01   1.2494486e+01
   7.7661555e+00   9.9801986e+00
   1.1490755e+01   1.1975549e+01
   1.0764183e+01   1.1458037e+01
   1.5888679e+01   1.1148317e+01
   9.3202928e+00   1.2240733e+01
   1.2043421e+01   1.0306471e+01
   9.4957758e+00   1.3099254e+01
   7.3969300e+00   1.0610880e+01
   1.2522014e+01   9.1484377e+00
   1.4462259e+01   1.4503631e+01
   9.7259759e+00   9.1246658e+00
   1.2093280e+01   1.3537118e+01
   1.3710349e+01   1.0856485e+01
   1.1106854e+01   1.1842284e+01
   1.1652541e+01   1.2837396e+01
   1.1653329e+01   1.2269439e+01
   1.2637897e+01   1.2547844e+01
   7.8855844e+00   1.0194186e+01
   1.4487466e+01   1.3578678e+01
   1.3225698e+01   1.2060620e+01
   1.1171293e+01   1.1720472e+01
   1.2745702e+01   1.1861921e+01
   9.7334024e+00   1.1410823e+01
   1.7214519e+01   1.3440875e+01
   1.0232712e+01   1.1609353e+01
   1.9256467e+01   1.4150375e+01
   1.3256375e+01   1.4557217e+01
   1.0947723e+01   9.7757181e+00
   1.1411758e+01   1.3046600e+01
   1.2754095e+01   1.2475970e+01
   1.2846736e+01   1.3288322e+01
   1.3535611e+01   1.2963240e+01
   1.3492346e+01   1.1547539e+01
   1.3098319e+01   1.4585921e+01
   1.2435271e+01   1.2651674e+01
   1.0840904e+01   1.2160347e+01
   1.6583043e+01   1.3939583e+01
   1.1903744e+01   1.3082015e+01
   1.2756048e+01   1.4084580e+01
   1.3696039e+01   1.2978542e+01
   1.1298087e+01   1.2982130e+01
   1.1271432e+01   1.4030792e+01
   1.1658920e+01   1.2115351e+01
   1.1745114e+01   1.1096639e+01
   1.1383832e+01   1.3800666e+01
   1.4345546e+01   1.4076104e+01
   1.5726497e+01   1.2637855e+01
   1.3083531e+01   1.2279284e+01
   1.2752261e+01   1.2266647e+01
   1.4247695e+01   1.3298744e+01
   1.2567004e+01   1.2785224e+01
   1.0213436e+01   9.6695423e+00
   1.2779848e+01   1.1773469e+01
   1.0437060e+01   1.1613155e+01
   1.4350394e+01   1.1897603e+01
   1.2388443e+01   1.4394969e+01
   1.0613285e+01   1.1274027e+01
   1.4592897e+01   1.1931692e+01
   1.1902424e+01   1.5083200e+01
   9.6122600e+00   1.2208163e+01
   1.2242689e+01   1.3338641e+01
   1.1769263e+01   1.1580628e+01
   8.5294228e+00   1.2995188e+01
   1.1798234e+01   1.2050480e+01
   1.1628027e+01   1.1157043e+01
   1.3736361e+01   1.5947577e+01
   1.1492075e+01   1.3536492e+01
   1.3306427e+01   1.2655655e+01
   1.1181566e+01   1.1969394e+01
   1.3976615e+01   1.2653004e+01
   1.4371026e+01   1.2338894e+01
   1.1323544e+01   1.2505256e+01
   1.3582292e+01   1.4101454e+01
   1.1014622e+01   1.3782250e+01
   1.0846962e+01   1.2884534e+01
   7.9018869e+00   8.3516499e+00
   1.5882087e+01   9.5706379e+00
   1.1413905e+01   1.0113355e+01
   7.1244571e+00   1.2179616e+01
   1.3354715e+01   1.2296165e+01
   1.3067765e+01   1.3359993e+01
   1.1814886e+01   1.4779867e+01
   1.2977546e+01   1.3141157e+01
   1.3399169e+01   1.3802547e+01
   1.1046696e+01   1.3897670e+01
   1.1484060e+01   1.1509602e+01
   1.4072933e+01   1.2011123e+01
   1.7693162e+01   1.2349179e+01
   1.1891870e+01   1.4963844e+01
   1.3648195e+01   1.1992456e+01
   1.2350354e+01   1.0991345e+01
   1.4217566e+01   1.3138640e+01
   1.5610798e+01   1.3994148e+01
   1.3743181e+01   1.4236784e+01
   1.1429080e+01   9.2129314e+00
   1.3376711e+01   1.3356786e+01
   1.1179068e+01   1.3351640e+01
   1.3214276e+01   1.6446496e+01
   1.2380638e+01   1.2111252e+01
   1.1192410e+01   1.3869548e+01
   8.4418096e+00   9.5450510e+00
   1.4651662e+01   1.5311957e+01
   1.2191205e+01   1.2218765e+01
   1.6713436e+01   1.0484464e+01
   1.1950566e+01   1.3715715e+01
   9.7114780e+00   1.2087779e+01
   1.6701014e+01   1.3378281e+01
   1.2308701e+01   1.0832441e+01
   1.1817160e+01   1.3381309e+01
   1.3845803e+01   1.2175455e+01
   1.2226343e+01   1.1388290e+01
   8.7404425e+00   1.0698835e+01
   1.0952291e+01   1.2770794e+01
   1.5854999e+01   1.3889058e+01
   1.0807941e+01   1.0346183e+01
   1.0725592e+01   1.2687036e+01
   1.2171272e+01   1.1667596e+01
   1.2781556e+01   1.2222959e+01
   1.1134466e+01   1.1724105e+01
   1.0435585e+01   1.4423007e+01
   1.1139386e+01   1.1683060e+01
   1.2545558e+01   1.1726152e+01
   1.3319684e+01   1.3076453e+01
   1.2263045e+01   1.0817572e+01
   1.1930070e+01   1.3675210e+01
   1.3398150e+01   1.3237682e+01
   1.1036408e+01   9.1652442e+00
   1.1968158e+01   1.2767189e+01
   1.4755208e+01   1.3254921e+01
   1.4504584e+01   1.3012572e+01
   1.1644766e+01   9.0186688e+00
   1.2284325e+01   1.3908916e+01
   1.4325819e+01   1.1659630e+01
   1.2074570e+01   1.0323785e+01
   1.1310315e+01   1.1454388e+01
   1.3879642e+01   1.3337732e+01
   1.5016073e+01   1.1380505e+01
   1.3103980e+01   1.2723690e+01
   9.9616716e+00   1.0559056e+01
   7.2106264e+00   9.9665733e+00
   1.1385429e+01   1.0231009e+01
   1.0418847e+01   1.1294174e+01
   1.2838513e+01   1.2842857e+01
   1.1062374e+01   1.1984495e+01
   1.3968783e+01   1.3452433e+01
   1.1933645e+01   1.6135984e+01
   9.8899487e+00   1.4189883e+01
   1.0217738e+01   1.1522419e+01
   1.4695440e+01   1.2420281e+01
   1.2927520e+01   1.4622621e+01
   1.0439877e+01   1.2308372e+01
   7.2717784e+00   1.1523117e+01
   1.6401097e+01   1.1660404e+01
   1.2755711e+01   1.1008407e+01
   1.0669889e+01   1.3390447e+01
   1.2105629e+01   1.3031498e+01
   1.1306461e+01   1.2800664e+01
   1.2827698e+01   1.5663322e+01
   1.0636010e+01   1.1292966e+01
   1.4242689e+01   1.1786579e+01
   1.3244274e+01   1.2078039e+01
   1.0624612e+01   1.0530139e+01
   1.1446021e+01   1.3021469e+01
   1.1732953e+01   1.1523565e+01
   1.3821386e+01   1.2855524e+01
   9.8846970e+00   1.3284855e+01
   1.1486540e+01   1.1305535e+01
   9.1797082e+00   9.9073771e+00
   1.6713426e+01   1.2650852e+01
   1.2840040e+01   1.2514692e+01
   1.1486543e+01   1.1250589e+01
   1.3378102e+01   1.3098887e+01
   1.2593813e+01   1.0720928e+01
   1.3749968e+01   1.3007676e+01
   9.9621330e+00   1.3234972e+01
   9.3970904e+00   1.2550918e+01
   1.2620199e+01   1.0155916e+01
   1.2954930e+01   1.3443598e+01
   9.8874490e+00   9.7614051e+00
   1.1054258e+01   1.2226271e+01
   1.3005646e+01   1.4801794e+01
   1.3803408e+01   1.1813276e+01
   1.1165610e+01   1.1869798e+01
   1.4603129e+01   1.3269261e+01
   1.5364649e+01   1.6084883e+01
   1.1954129e+01   1.4438634e+01
   1.0088358e+01   1.0569690e+01
   1.1628280e+01   9.7500404e+00
   1.3441948e+01   1.3779639e+01
   1.0676928e+01   1.2463436e+01
   1.2303839e+01   1.1531933e+01
   1.3446599e+01   1.2305719e+01
   1.0717805e+01   1.4007846e+01
   1.5088998e+01   1.2209125e+01
   1.3848915e+01   1.2651805e+01
   1.7188210e+01   1.3272425e+01
   1.2827753e+01   1.5901713e+01
   1.1002156e+01   9.8659457e+00
   9.5665417e+00   1.1054543e+01
   1.1109529e+01   1.1694255e+01
   1.2184798e+01   1.3462943e+01
   1.1345585e+01   1.0719115e+01
   1.7503165e+01   1.3488211e+01
   1.2156833e+01   1.5104610e+01
   1.1016283e+01   1.3458741e+01
   1.5585136e+01   1.4000396e+01
   1.2987865e+01   1.2292347e+01
   1.1616637e+01   1.2001564e+01
   1.2661367e+01   1.3727141e+01
   1.4557215e+01   9.6693729e+00
   1.6605558e+01   1.4558667e+01
   1.2188916e+01   1.6025323e+01
   1.3229566e+01   1.2807318e+01
   1.2556218e+01   1.1265037e+01
   1.4237043e+01   1.3370959e+01
   9.4876861e+00   1.1852913e+01
   1.0452400e+01   1.1291802e+01
   1.3054114e+01   1.3995812e+01
   1.4226594e+01   1.1876998e+01
   1.3644351e+01   1.3719288e+01
   1.5794555e+01   1.5262282e+01
   8.8847212e+00   1.3151721e+01
   1.4988976e+01   1.1768348e+01
   1.2990477e+01   1.0674238e+01
   1.3046762e+01   1.5450050e+01
   1.1596793e+01   1.1623153e+01
   8.7915266e+00   1.2921535e+01
   1.0248949e+01   1.6471780e+01
   1.5241606e+01   1.4091213e+01
   1.4073606e+01   1.2249463e+01
   1.6108395e+01   1.5252093e+01
   1.2423642e+01   1.2116831e+01
   8.2287049e+00   1.0986426e+01
   1.2217588e+01   1.6199562e+01
   1.1569590e+01   1.0003585e+01
   1.2721866e+01   1.3981107e+01
   1.2928708e+01   1.4471504e+01
   1.2320219e+01   1.3070407e+01
   9.1017510e+00   8.2820217e+00
   1.0556061e+01   1.4036597e+01
   1.0549846e+01   1.1381071e+01
   9.1645127e+00   1.0141068e+01
   1.3311384e+01   1.3465723e+01
   1.4563305e+01   1.3792395e+01
   1.1398921e+01   1.0271743e+01
   1.4647362e+01   1.0483346e+01
   1.0965061e+01   1.2315406e+01
   1.2069558e+01   1.1887261e+01
   1.2435150e+01   1.1007901e+01
   1.1211035e+01   1.1840301e+01
   1.3715576e+01   9.3851111e+00
   1.0855387e+01   9.7653829e+00
   1.4599232e+01   1.4267533e+01
   1.1043840e+01   1.2145442e+01
   1.1141733e+01   1.3496429e+01
   1.4328993e+01  -9.7139185e+00
   1.5120177e+01  -9.4103672e+00
   1.4686772e+01  -8.0988202e+00
   1.5832426e+01  -7.3218989e+00
   1.5416999e+01  -9.2243267e+00
   1.0802145e+01  -8.7863192e+00
   1.1703142e+01  -1.0087963e+01
   1.4862219e+01  -8.2442869e+00
   1.6280241e+01  -7.9768221e+00
   1.3844849e+01  -1.0711055e+01
   9.0383535e+00  -8.5346769e+00
   1.1086125e+01  -8.8042514e+00
   1.1497575e+01  -9.1010205e+00
   1.3899972e+01  -8.2007136e+00
   1.1300237e+01  -1.0168158e+01
   1.0824542e+01  -8.5350719e+00
   8.4375827e+00  -1.1560659e+01
   1.6416345e+01  -8.6876546e+00
   1.2773213e+01  -7.6193870e+00
   1.0581745e+01  -8.3722680e+00
   1.2504020e+01  -6.1142350e+00
   1.1884405e+01  -7.2050130e+00
   1.5934555e+01  -9.2299161e+00
   1.3079506e+01  -8.3001524e+00
   1.3318684e+01  -7.8989219e+00
   1.4554203e+01  -1.0913612e+01
   1.2273230e+01  -3.4061449e+00
   1.2087875e+01  -1.1461084e+01
   1.5368784e+01  -9.0945076e+00
   1.1082023e+01  -6.6014036e+00
   1.3801605e+01  -7.7297169e+00
   1.4372747e+01  -9.5882423e+00
   1.2026184e+01  -9.1350609e+00
   1.0962210e+01  -1.1220046e+01
   1.3428713e+01  -9.9531836e+00
   1.2440510e+01  -1.2587696e+01
   1.3810553e+01  -9.6750928e+00
   1.2681712e+01  -1.0643485e+01
   1.5048386e+01  -7.0187568e+00
   1.1188501e+01  -8.6558315e+00
   1.2510000e+01  -9.9657379e+00
   1.1395171e+01  -1.1069811e+01
   1.2242223e+01  -7.1460494e+00
   1.2296123e+01  -9.4091911e+00
   1.2038762e+01  -9.2808946e+00
   1.4775853e+01  -1.1972484e+01
   1.1513401e+01  -1.1134335e+01
   1.4109952e+01  -7.1546977e+00
   1.3706238e+01  -9.9218973e+00
   1.3369434e+01  -8.4322651e+00
   1.4915104e+01  -8.2188612e+00
   1.5965432e+01  -9.4513711e+00
   1.1797722e+01  -1.0117154e+01
   9.8822453e+00  -7.7568937e+00
   1.5212396e+01  -8.2227543e+00
   1.5246380e+01  -1.0001986e+01
   1.3884214e+01  -9.3529596e+00
   1.0259322e+01  -7.2653212e+00
   1.2586441e+01  -9.2663742e+00
   1.4497884e+01  -9.1291440e+00
   1.3716956e+01  -8.2015760e+00
   1.4212019e+01  -1.0094983e+01
   1.3553912e+01  -9.7022812e+00
   1.4656184e+01  -9.2498748e+00
   1.6800017e+01  -8.4481766e+00
   1.1361389e+01  -7.9491463e+00
   1.6019335e+01  -7.9255646e+00
   1.1591262e+01  -1.0182338e+01
   1.4049491e+01  -1.0411012e+01
   1.1980268e+01  -8.8727007e+00
   1.3584539e+01  -8.2732551e+00
   1.2724177e+01  -9.4884373e+00
   1.3517971e+01  -5.7367315e+00
   1.2773020e+01  -1.0769717e+01
   1.4143297e+01  -1.0220258e+01
   1.4469309e+01  -1.1778372e+01
   1.5133271e+01  -8.1988212e+00
   1.1155116e+01  -1.1220637e+01
   1.3628900e+01  -9.6178240e+00
   1.2993023e+01  -9.5461532e+00
   1.3273097e+01  -7.9876336e+00
   1.0276839e+01  -8.5932078e+00
   9.2905220e+00  -7.8844318e+00
   1.1894352e+01  -9.0837601e+00
   1.5122301e+01  -6.8258141e+00
   1.0500881e+01  -7.9103964e+00
   1.2897041e+01  -6.8659059e+00
   1.4106221e+01  -9.0604426e+00
   1.1817956e+01  -1.1552101e+01
   1.2622257e+01  -7.8857036e+00
   1.4295960e+01  -1.0748228e+01
   1.1099419e+01  -9.4293133e+00
   1.2527808e+01  -9.3451197e+00
   1.1956666e+01  -8.1827274e+00
   1.4016399e+01  -8.5140201e+00
   1.0986601e+01  -6.6153627e+00
   1.3374790e+01  -8.0740678e+00
   1.1039136e+01  -7.6919844e+00
   1.4915490e+01  -6.5600117e+00
   1.5092376e+01  -8.9532555e+00
   1.3294894e+01  -7.8269325e+00
   1.2786048e+01  -9.6352040e+00
   1.4009093e+01  -1.0755287e+01
   1.0355089e+01  -6.6236182e+00
   1.4084590e+01  -5.9258427e+00
   1.7159922e+01  -1.1340503e+01
   1.6149144e+01  -7.5857358e+00
   1.6963493e+01  -1.1463724e+01
   1.6532764e+01  -7.9646115e+00
   1.3109613e+01  -7.7071867e+00
   1.4784016e+01  -8.9864919e+00
   1.3486810e+01  -1.0044479e+01
   1.0542351e+01  -1.0542471e+01
   1.4312878e+01  -9.0230306e+00
   1.1514132e+01  -7.9061030e+00
   1.1607345e+01  -8.6100183e+00
   1.6497700e+01  -8.9481207e+00
   1.5575210e+01  -8.7237138e+00
   1.0131063e+01  -1.2476254e+01
   1.0182814e+01  -1.0233732e+01
   9.9629124e+00  -6.7044722e+00
   1.3445878e+01  -1.1441502e+01
   1.2503584e+01  -1.0247760e+01
   1.6757888e+01  -8.7587267e+00
   1.2113742e+01  -6.4766893e+00
   1.4225910e+01  -1.1375209e+01
   1.0751918e+01  -6.7187291e+00
   1.1885110e+01  -8.7913792e+00
   1.3504308e+01  -1.0084837e+01
   1.5313716e+01  -1.0356908e+01
   1.3356666e+01  -4.3323407e+00
   1.6201462e+01  -8.7665740e+00
   1.2282456e+01  -8.5202816e+00
   1.2917615e+01  -1.0368156e+01
   1.4823205e+01  -9.0653336e+00
   8.9107005e+00  -7.3453189e+00
   1.5354015e+01  -6.6004122e+00
   1.5933005e+01  -7.9185206e+00
   8.8619366e+00  -1.0895158e+01
   1.3089845e+01  -1.0317412e+01
   1.1232084e+01  -8.4523448e+00
   1.4717697e+01  -1.1484927e+01
   9.8304406e+00  -1.0108209e+01
   1.1313580e+01  -6.6540279e+00
   8.2446974e+00  -5.5723441e+00
   1.2764963e+01  -1.0000799e+01
   1.2627552e+01  -8.8186609e+00
   1.3485208e+01  -1.0239497e+01
   1.1104283e+01  -9.4396123e+00
   1.3294543e+01  -8.7861868e+00
   1.2610105e+01  -8.9237427e+00
   1.2356065e+01  -7.7449687e+00
   1.2503518e+01  -8.2370582e+00
   1.3442923e+01  -9.0305003e+00
   1.2104915e+01  -1.0467764e+01
   1.0273731e+01  -7.9135296e+00
   1.1240414e+01  -1.3135126e+01
   9.4943411e+00  -7.8583810e+00
   1.5460655e+01  -9.7350918e+00
   1.2162483e+01  -6.9331917e+00
   1.3466859e+01  -8.6419660e+00
   1.3575910e+01  -9.4509553e+00
   1.3289117e+01  -8.0529959e+00
   1.6289399e+01  -9.5028319e+00
   8.5386517e+00  -8.9918225e+00
   1.2630427e+01  -9.8267186e+00
   1.5769509e+01  -1.0106389e+01
   1.4273565e+01  -8.1430566e+00
   1.2996839e+01  -9.0138467e+00
   9.9106540e+00  -7.8797796e+00
   1.3535010e+01  -1.0564086e+01
   1.1503045e+01  -8.9668920e+00
   1.5453558e+01  -8.9619560e+00
   1.4043783e+01  -7.2341989e+00
   1.3744415e+01  -9.1704051e+00
   1.3920747e+01  -6.4326786e+00
   1.0063215e+01  -8.6360855e+00
   1.1725437e+01  -8.3193480e+00
   1.4481561e+01  -1.0626103e+01
   1.5133234e+01  -9.5764163e+00
   1.1605001e+01  -9.3496903e+00
   1.3539169e+01  -6.7647189e+00
   1.4361279e+01  -9.3546445e+00
   1.5082251e+01  -8.4660196e+00
   1.3391032e+01  -8.0753478e+00
   1.1621696e+01  -7.2551899e+00
   1.4767387e+01  -9.4284677e+00
   1.3587978e+01  -8.0083404e+00
   1.1083471e+01  -1.2093469e+01
   1.5124038e+01  -8.4483364e+00
   1.1440758e+01  -7.3361878e+00
   1.3711516e+01  -9.5107985e+00
   1.3250943e+01  -7.6972075e+00
   1.1860874e+01  -6.3068062e+00
   1.5908686e+01  -1.1205081e+01
   1.3405110e+01  -9.2518413e+00
   1.1973264e+01  -7.9810356e+00
   1.3655727e+01  -9.6419913e+00
   1.1922925e+01  -9.7009824e+00
   1.4798220e+01  -8.1956497e+00
   1.4969735e+01  -7.9623523e+00
   1.2403719e+01  -8.1266190e+00
   1.4076795e+01  -9.3755123e+00
   1.0368685e+01  -7.4428586e+00
   1.4424066e+01  -1.1813557e+01
   1.0559550e+01  -8.1465176e+00
   1.5178356e+01  -1.0056749e+01
   1.4576783e+01  -9.7890719e+00
   1.1283996e+01  -9.2399490e+00
   1.1882112e+01  -9.7513724e+00
   1.6078403e+01  -7.6892931e+00
   1.0463987e+01  -1.0421652e+01
   1.3002583e+01  -1.0073493e+01
   1.4842912e+01  -1.0081447e+01
   1.2665399e+01  -9.0053959e+00
   9.9473472e+00  -7.5850012e+00
   1.0707742e+01  -6.5873467e+00
   1.1335090e+01  -8.7355102e+00
   1.4219043e+01  -7.7775420e+00
   1.2568859e+01  -6.9734406e+00
   1.3259771e+01  -1.0331796e+01
   1.0517045e+01  -9.7862357e+00
   1.3745391e+01  -8.4076764e+00
   1.1933352e+01  -8.7350671e+00
   1.4295531e+01  -1.0397922e+01
   1.5713941e+01  -1.0223156e+01
   1.3039145e+01  -1.1266488e+01
   1.3727265e+01  -8.4309755e+00
   1.2374870e+01  -9.2736855e+00
   1.1750733e+01  -6.9310793e+00
   1.5846787e+01  -1.1965367e+01
   1.2373250e+01  -9.6445671e+00
   1.2078555e+01  -1.3649175e+01
   1.3184430e+01  -9.5994232e+00
   1.4359041e+01  -1.0315584e+01
   1.4548997e+01  -8.6518523e+00
   1.1036551e+01  -8.0220026e+00
   9.9877310e+00  -9.0731195e+00
   1.4348037e+01  -7.6420979e+00
   1.2054951e+01  -7.2583254e+00
   1.3017417e+01  -6.4038502e+00
   1.2477746e+01  -9.8582748e+00
   1.2458375e+01  -8.3890840e+00
   1.2341364e+01  -9.0300794e+00
   1.1951908e+01  -9.5616152e+00
   1.2167418e+01  -1.2301279e+01
   1.2810348e+01  -9.6957729e+00
   1.2806997e+01  -1.0284954e+01
   1.6598849e+01  -8.6273009e+00
   1.1076800e+01  -1.0313335e+01
   1.4775860e+01  -1.0548797e+01
   1.0379554e+01  -9.7083179e+00
   1.1315268e+01  -1.2036953e+01
   1.6204494e+01  -1.1106235e+01
   1.2432375e+01  -7.0265356e+00
   1.4319016e+01  -1.2132282e+01
   1.1735482e+01  -8.4928474e+00
   1.5390008e+01  -9.5990795e+00
   1.2675182e+01  -9.9186567e+00
   1.2100590e+01  -9.0936100e+00
   1.2641616e+01  -9.4515975e+00
   1.3048575e+01  -8.9199559e+00
   1.2045282e+01  -1.2123108e+01
   1.3329797e+01  -7.6008897e+00
   1.3913368e+01  -9.0147509e+00
   1.2835078e+01  -9.9721958e+00
   1.3774894e+01  -9.3136597e+00
   1.2148491e+01  -1.0687469e+01
   1.5321959e+01  -6.7017097e+00
   1.2300307e+01  -1.0381683e+01
   1.6040259e+01  -5.5157788e+00
   1.1558449e+01  -7.4287831e+00
   1.4533207e+01  -1.1279807e+01
   1.1737186e+01  -9.0487098e+00
   1.3196270e+01  -8.9232773e+00
   1.2486427e+01  -8.3773391e+00
   1.3265895e+01  -8.3333054e+00
   1.4583604e+01  -9.2419869e+00
   1.1423270e+01  -7.4678294e+00
   1.2811488e+01  -8.9277288e+00
   1.2191009e+01  -9.8141878e+00
   1.4416431e+01  -6.6154629e+00
   1.2039230e+01  -8.8484672e+00
   1.1666790e+01  -7.9078458e+00
   1.3360814e+01  -8.2656414e+00
   1.1720966e+01  -9.1304823e+00
   1.0704830e+01  -8.4786155e+00
   1.2792069e+01  -9.5467761e+00
   1.3820333e+01  -1.0158221e+01
   1.1000531e+01  -8.5831370e+00
   1.2759577e+01  -7.3384271e+00
   1.5070671e+01  -7.7463329e+00
   1.3608261e+01  -8.9282240e+00
   1.3394218e+01  -9.0559832e+00
   1.3432566e+01  -7.8641758e+00
   1.2774296e+01  -8.7958495e+00
   1.4133148e+01  -1.1612303e+01
   1.3882371e+01  -9.3571090e+00
   1.2436142e+01  -1.0305392e+01
   1.4836028e+01  -8.7108915e+00
   1.1120547e+01  -7.8449763e+00
   1.2879130e+01  -1.0455594e+01
   1.4969080e+01  -8.6016987e+00
   1.0133926e+01  -7.5865790e+00
   1.1307042e+01  -1.0228305e+01
   1.2026321e+01  -8.5640220e+00
   1.3376232e+01  -9.8441839e+00
   9.8191189e+00  -1.0123399e+01
   1.2948874e+01  -9.5373211e+00
   1.3682948e+01  -1.0162456e+01
   1.0562888e+01  -6.3781678e+00
   1.1325798e+01  -8.7106394e+00
   1.3402203e+01  -8.6102059e+00
   1.2605205e+01  -9.8114593e+00
   1.3862083e+01  -8.3695374e+00
   1.4430159e+01  -8.4250611e+00
   1.2192149e+01  -9.4220933e+00
   1.2214585e+01  -7.5984303e+00
   1.0766097e+01  -8.7282609e+00
   1.1505980e+01  -9.3551740e+00
   1.3809833e+01  -1.3279501e+01
   1.8095728e+01  -9.6248989e+00
   1.4530036e+01  -1.0898251e+01
   9.6364562e+00  -1.1145907e+01
   1.3777261e+01  -8.8195148e+00
   1.2569059e+01  -8.2522041e+00
   1.0362851e+01  -7.8095782e+00
   1.2715743e+01  -8.4228707e+00
   1.2374068e+01  -7.8532008e+00
   1.0678147e+01  -8.6438551e+00
   1.3249192e+01  -9.9921175e+00
   1.4538651e+01  -8.7396126e+00
   1.6687498e+01  -7.2172828e+00
   1.0240308e+01  -7.6656860e+00
   1.4266561e+01  -8.9049735e+00
   1.4333570e+01  -1.0005785e+01
   1.3564365e+01  -7.9760655e+00
   1.3701016e+01  -6.9326081e+00
   1.2195596e+01  -7.4548852e+00
   1.5397269e+01  -1.1460758e+01
   1.2782944e+01  -8.1425115e+00
   1.1288104e+01  -8.9404296e+00
   9.7318113e+00  -6.2522323e+00
   1.3288491e+01  -9.2883871e+00
   1.0804348e+01  -8.6089040e+00
   1.3042608e+01  -1.2331457e+01
   1.1792396e+01  -6.4481478e+00
   1.3056903e+01  -9.2890662e+00
   1.7793435e+01  -8.7478319e+00
   1.1468130e+01  -8.4317928e+00
   1.1489313e+01  -1.0268367e+01
   1.5031094e+01  -6.9268787e+00
   1.4456363e+01  -1.0121085e+01
   1.1695323e+01  -8.6909788e+00
   1.4227266e+01  -8.7180813e+00
   1.3871193e+01  -9.8002314e+00
   1.2148420e+01  -1.1495653e+01
   1.1686099e+01  -9.3888352e+00
   1.3967673e+01  -6.9105966e+00
   1.3894940e+01  -1.0970498e+01
   1.1611100e+01  -9.5236447e+00
   1.3567813e+01  -9.6439562e+00
   1.3455785e+01  -9.0729490e+00
   1.2806489e+01  -9.9832205e+00
   9.7611759e+00  -8.5334462e+00
   1.2848907e+01  -1.0007334e+01
   1.3767513e+01  -9.4716761e+00
   1.3010803e+01  -8.3399690e+00
   1.4439356e+01  -1.0146973e+01
   1.1492689e+01  -8.4647553e+00
   1.2910919e+01  -8.2098911e+00
   1.5174678e+01  -1.1632831e+01
   1.2382788e+01  -9.0237700e+00
   1.3820611e+01  -7.7083018e+00
   1.3880206e+01  -7.9518044e+00
   1.5729327e+01  -1.1505309e+01
   1.1512040e+01  -8.1892315e+00
   1.5045722e+01  -8.8698937e+00
   1.4780641e+01  -1.0526612e+01
   1.3183166e+01  -1.0089773e+01
   1.3144292e+01  -7.9726704e+00
   1.5782398e+01  -8.7963708e+00
   1.3199303e+01  -8.6404944e+00
   1.3114843e+01  -1.1142229e+01
   1.1801275e+01  -1.2510755e+01
   1.4398640e+01  -1.0834330e+01
   1.2727267e+01  -1.0513194e+01
   1.2904736e+01  -8.6613163e+00
   1.2509494e+01  -9.8450331e+00
   1.3095971e+01  -7.8680823e+00
   9.1533650e+00  -6.9111845e+00
   9.6106666e+00  -8.8778061e+00
   1.2372818e+01  -1.0441936e+01
   1.4574098e+01  -8.2564124e+00
   1.1271787e+01  -7.5064398e+00
   1.1776470e+01  -9.8658249e+00
   1.0361742e+01  -1.1506761e+01
   1.6461217e+01  -8.1189811e+00
   1.4593960e+01  -9.8484444e+00
   1.0903695e+01  -9.1000700e+00
   1.2225076e+01  -8.8073316e+00
   1.1899370e+01  -9.2419247e+00
   1.0213297e+01  -6.8860526e+00
   1.2876615e+01  -1.0435429e+01
   1.4868182e+01  -8.8198727e+00
   1.3909469e+01  -8.9970460e+00
   1.3594771e+01  -1.0920749e+01
   1.1784484e+01  -9.0521733e+00
   1.3405756e+01  -9.8933091e+00
   1.3563424e+01  -8.2979171e+00
   1.0468341e+01  -9.4506044e+00
   1.3445081e+01  -1.0119948e+01
   1.3201369e+01  -1.1836073e+01
   1.5731813e+01  -7.3812592e+00
   1.3218072e+01  -8.8677731e+00
   1.3497372e+01  -1.0154607e+01
   1.3029320e+01  -8.3046935e+00
   1.4757052e+01  -1.0088331e+01
   1.3369893e+01  -8.2277629e+00
   1.0568656e+01  -9.4540702e+00
   1.0834025e+01  -1.0089898e+01
   1.5312745e+01  -1.0435205e+01
   1.2412494e+01  -8.2402665e+00
   1.3823265e+01  -1.1672233e+01
   1.2273873e+01  -9.6954537e+00
   1.1154595e+01  -7.3651654e+00
   1.4542997e+01  -8.9618767e+00
   1.2689096e+01  -9.8800545e+00
   1.3703182e+01  -7.7542487e+00
   1.1543415e+01  -5.7027622e+00
   1.0782605e+01  -7.9744805e+00
   1.3191178e+01  -1.1089711e+01
   1.5022076e+01  -1.1049914e+01
   1.2425062e+01  -7.8521821e+00
   1.1790676e+01  -9.6822905e+00
   1.3787383e+01  -9.6815974e+00
   1.3830873e+01  -8.7802624e+00
   1.0348854e+01  -8.6932824e+00
   1.5043618e+01  -8.2473004e+00
   1.3776077e+01  -8.4164699e+00
   1.5464308e+01  -6.8174822e+00
   9.9864717e+00  -6.7356533e+00
   1.4484490e+01  -1.1203207e+01
   1.2373670e+01  -1.0972550e+01
   1.2817878e+01  -1.0011068e+01
   1.1868524e+01  -8.5065449e+00
   1.3906948e+01  -1.0540836e+01
   1.5473893e+01  -6.5674742e+00
   1.0287169e+01  -7.4810792e+00
   1.1075093e+01  -8.9317320e+00
   1.3677558e+01  -6.9379466e+00
   1.3530544e+01  -8.9545766e+00
   1.2871496e+01  -9.6338433e+00
   1.1942329e+01  -8.1675583e+00
   1.7097636e+01  -1.0041692e+01
   1.3842653e+01  -6.2167978e+00
   9.4328778e+00  -6.8886834e+00
   1.3205423e+01  -8.5423289e+00
   1.4213602e+01  -9.7586971e+00
   1.3356573e+01  -7.8224733e+00
   1.1560098e+01  -1.0497446e+01
   1.2752422e+01  -1.0502557e+01
   1.1954674e+01  -7.8560601e+00
   1.4771151e+01  -8.7686557e+00
   1.2620620e+01  -7.8170632e+00
   1.2619614e+01  -6.0662117e+00
   9.9126222e+00  -9.8961795e+00
   1.5394819e+01  -8.5615143e+00
   1.5072180e+01  -9.9743496e+00
   1.0565750e+01  -6.9413726e+00
   1.3218064e+01  -9.8797241e+00
   1.0068078e+01  -1.0075083e+01
   7.6841208e+00  -7.3085505e+00
   1.3356697e+01  -7.0048796e+00
   1.4312297e+01  -8.5890220e+00
   1.2843484e+01  -5.9591537e+00
   1.3312528e+01  -9.2693176e+00
   1.1525512e+01  -1.1499283e+01
   9.2866321e+00  -6.7684043e+00
   1.4740742e+01  -1.0911198e+01
   1.1741932e+01  -7.9854777e+00
   1.1416407e+01  -7.6013366e+00
   1.2334492e+01  -8.7051916e+00
   1.4694917e+01  -1.2889551e+01
   1.0211114e+01  -8.7336325e+00
   1.2733970e+01  -1.0411009e+01
   1.2968611e+01  -1.1694153e+01
   1.2634695e+01  -8.0974154e+00
   1.3178171e+01  -7.4386515e+00
   1.4369083e+01  -1.0803756e+01
   1.6384547e+01  -9.4956333e+00
   1.2128178e+01  -9.6714803e+00
   1.3289358e+01  -9.5421697e+00
   1.4375681e+01  -9.9646790e+00
   1.2748165e+01  -9.8822359e+00
   1.6793790e+01  -1.0525345e+01
   1.4480030e+01  -1.1319715e+01
   1.2750529e+01  -7.1259387e+00
   1.2343683e+01  -9.7502083e+00
   1.1124838e+01  -8.8625952e+00